Opening serial monitor for com port: "/dev/cu.usbmodem1411"
88.00 44.00 -1.79 0.00 22.00 0.13
64.00 42.96 1.79 0.48 21.46 0.60
25.00 22.09 -1.79 0.97 11.13 0.89
-12.00 -2.00 -3.58 1.16 -0.57 0.87
-32.00 -17.92 -3.58 1.06 -7.95 0.63
-85.00 -49.42 -1.79 0.73 -23.24 0.04
-110.00 -69.74 -3.58 -0.01 -32.47 -0.86
-119.00 -79.61 -5.37 -0.94 -35.89 -1.82
122.00 45.08 -3.58 -1.60 27.35 -1.23
115.00 68.49 1.79 -0.91 37.63 -0.41
97.00 64.44 1.79 0.03 34.47 0.43
95.00 63.70 3.58 0.93 32.12 1.19
70.00 51.11 3.58 1.75 24.29 1.80
60.00 43.71 3.58 2.42 19.50 2.33
47.00 35.56 3.58 3.01 14.83 2.79
27.00 24.56 5.37 3.56 7.33 3.08
14.00 18.71 8.96 4.27 -0.97 3.29
4.00 13.41 7.17 4.75 -6.54 3.46
0.00 11.46 7.17 5.13 -10.03 3.59
-30.00 -2.29 8.96 5.64 -21.14 3.56
-34.00 -3.94 10.76 6.19 -27.85 3.51
-39.00 -1.42 14.36 7.11 -36.06 3.50
-53.00 -5.40 12.56 7.74 -44.35 3.43
-48.00 2.05 16.17 8.74 -50.40 3.46
-52.00 4.38 14.36 9.47 -55.62 3.51
-49.00 11.99 17.98 10.63 -61.44 3.67
-49.00 17.66 17.98 11.70 -66.74 3.88
-41.00 27.83 19.79 12.97 -70.51 4.24
-41.00 34.91 21.61 14.40 -76.25 4.66
-23.00 50.97 23.44 16.01 -77.79 5.32
-25.00 56.98 23.44 17.52 -82.35 6.00
-33.00 56.81 23.44 18.93 -88.21 6.74
-46.00 53.31 25.27 20.33 -96.25 7.38
-54.00 52.00 27.11 21.81 -103.68 8.06
-44.00 59.49 27.11 23.06 -105.08 8.77
-53.00 56.66 25.27 24.01 -108.11 9.51
-38.00 64.16 25.27 24.79 -104.97 10.28
-36.00 69.17 28.96 26.07 -106.17 11.18
-37.00 70.69 28.96 27.17 -107.69 12.03
-11.00 87.78 32.67 28.73 -104.20 13.17
5.00 102.58 34.54 30.44 -102.04 14.40
12.00 110.68 34.54 32.16 -101.07 15.84
34.00 122.90 32.67 33.41 -93.99 17.31
37.00 126.80 34.54 34.96 -91.49 18.96
44.00 131.33 36.42 36.48 -89.14 20.54
49.00 133.57 36.42 37.97 -86.00 22.27
66.00 140.90 36.42 39.18 -78.75 23.96
80.00 148.24 38.31 40.68 -71.97 25.89
108.00 163.23 40.21 42.21 -61.86 27.85
115.00 168.73 42.12 44.06 -56.57 30.04
123.00 171.44 42.12 45.57 -50.71 32.10
-118.00 43.05 44.05 46.94 -111.23 32.66
-106.00 20.57 44.05 46.96 -118.68 32.91
-100.00 17.16 44.05 46.80 -116.77 33.13
-89.00 20.51 44.05 46.63 -111.72 33.38
-84.00 23.61 45.99 46.78 -109.12 33.68
-80.00 24.22 44.05 46.67 -105.38 33.97
-77.00 25.64 45.99 46.86 -103.51 34.31
-73.00 25.84 44.05 46.76 -99.86 34.62
-77.00 21.95 44.05 46.68 -98.33 34.90
-87.00 15.63 45.99 46.80 -100.42 35.09
-81.00 16.84 45.99 46.88 -98.64 35.31
-88.00 14.23 47.94 47.18 -100.93 35.48
-97.00 7.76 45.99 47.17 -102.61 35.58
-106.00 2.41 47.94 47.34 -106.08 35.61
-123.00 -7.32 47.94 47.42 -111.65 35.51
104.00 110.41 47.94 47.72 -52.95 36.84
86.00 124.49 47.94 49.04 -44.45 38.46
79.00 126.49 53.89 50.98 -47.27 39.98
55.00 111.68 49.91 52.22 -51.63 41.43
40.00 98.36 49.91 53.05 -54.18 42.61
27.00 85.95 49.91 53.71 -55.37 43.73
16.00 74.61 49.91 54.08 -55.57 44.62
4.00 64.29 51.89 54.60 -57.16 45.46
-14.00 50.53 51.89 54.88 -60.13 46.06
-23.00 45.32 57.94 55.84 -65.52 46.65
-53.00 29.25 57.94 56.54 -75.40 47.00
-62.00 21.69 57.94 57.04 -80.38 47.28
-74.00 15.69 60.00 57.64 -86.49 47.47
-82.00 9.88 57.94 57.84 -89.54 47.60
-83.00 11.26 62.08 58.50 -93.55 47.74
-78.00 17.74 64.18 59.39 -96.63 47.97
-65.00 28.52 64.18 60.23 -96.41 48.31
-69.00 33.93 68.46 61.65 -102.68 48.75
-61.00 41.23 66.31 62.64 -103.84 49.25
-68.00 40.79 66.31 63.58 -107.66 49.78
-61.00 43.96 64.18 64.09 -106.18 50.30
-66.00 46.53 70.64 65.46 -111.73 50.91
-52.00 56.98 70.64 66.65 -111.73 51.59
-53.00 62.06 72.85 68.12 -115.42 52.40
-52.00 64.12 70.64 69.11 -116.40 53.17
-61.00 61.75 72.85 70.32 -120.93 53.97
-54.00 65.84 72.85 71.30 -120.91 54.76
-55.00 68.11 75.09 72.55 -123.13 55.65
-42.00 76.26 75.09 73.61 -120.98 56.56
-35.00 83.48 77.36 74.99 -120.50 57.65
-52.00 78.40 79.68 76.46 -127.27 58.59
-66.00 71.07 79.68 77.75 -133.49 59.51
-76.00 64.74 79.68 78.72 -137.90 60.29
-60.00 73.54 82.03 79.92 -136.29 61.24
-55.00 82.22 86.87 81.62 -138.83 62.23
-36.00 96.25 86.87 83.27 -136.54 63.48
-15.00 109.55 84.42 84.46 -129.83 64.80
-10.00 113.84 84.42 85.71 -125.98 66.28
-14.00 112.70 86.87 87.04 -126.32 67.63
-6.00 117.35 89.36 88.63 -124.94 69.15
8.00 125.03 89.36 89.97 -120.29 70.66
17.00 129.77 89.36 91.32 -115.33 72.34
34.00 137.38 89.36 92.43 -107.47 73.99
40.00 138.98 89.36 93.58 -101.09 75.80
64.00 152.15 94.51 95.19 -93.60 77.62
67.00 152.57 91.90 96.48 -87.35 79.61
71.00 150.75 91.90 97.46 -80.96 81.42
81.00 152.90 94.51 98.78 -74.24 83.40
90.00 164.99 108.68 101.71 -77.34 85.38
125.00 179.54 97.18 103.01 -62.35 87.72
-103.00 59.75 99.93 104.16 -116.80 88.43
-87.00 40.18 99.93 104.22 -120.93 88.96
-83.00 37.51 102.75 104.44 -120.05 89.41
-79.00 37.71 102.75 104.64 -117.45 89.90
-68.00 39.96 99.93 104.42 -110.42 90.38
-65.00 36.91 97.18 103.91 -103.06 90.86
-70.00 31.52 99.93 103.76 -100.72 91.23
-69.00 26.29 97.18 103.24 -95.34 91.58
-64.00 26.20 99.93 103.08 -91.26 91.89
-65.00 27.94 105.67 103.72 -92.95 92.25
-58.00 28.50 99.93 103.51 -87.96 92.60
-49.00 30.98 99.93 103.37 -82.17 93.00
-50.00 30.85 102.75 103.61 -81.10 93.37
-54.00 30.14 105.67 104.23 -83.36 93.76
-44.00 38.09 108.68 105.15 -84.01 94.22
-40.00 41.22 105.67 105.65 -82.46 94.75
-44.00 37.19 102.75 105.69 -80.62 95.20
-45.00 33.75 102.75 105.72 -78.42 95.64
-38.00 39.20 108.68 106.47 -78.59 96.11
-23.00 46.82 105.67 106.83 -73.24 96.72
-18.00 52.23 108.68 107.57 -71.98 97.34
-13.00 56.11 108.68 108.32 -70.52 98.07
-8.00 59.24 108.68 108.96 -68.58 98.78
-11.00 59.96 111.81 110.01 -70.61 99.56
1.00 64.53 108.68 110.47 -65.96 100.34
14.00 70.64 108.68 110.98 -59.87 101.26
47.00 92.16 115.08 112.31 -52.71 102.36
50.00 96.41 111.81 113.30 -48.62 103.62
49.00 95.04 111.81 114.11 -46.30 104.76
47.00 91.43 111.81 114.87 -44.07 105.95
49.00 91.62 115.08 115.85 -42.96 107.04
41.00 83.61 111.81 116.33 -41.02 108.13
24.00 69.64 111.81 116.57 -41.77 108.97
22.00 62.23 111.81 116.71 -39.01 109.78
29.00 63.46 115.08 117.15 -35.67 110.54
34.00 67.12 118.49 118.05 -34.42 111.41
47.00 71.77 115.08 118.38 -27.76 112.27
49.00 76.52 122.09 119.69 -28.56 113.27
67.00 82.33 115.08 119.90 -19.31 114.25
75.00 81.65 111.81 119.76 -9.16 115.32
70.00 81.36 122.09 120.92 -10.84 116.29
69.00 80.65 122.09 121.99 -11.34 117.34
60.00 72.37 118.49 122.35 -10.43 118.21
57.00 63.50 115.08 122.18 -5.48 119.03
53.00 54.89 115.08 121.89 -0.85 119.69
54.00 49.12 115.08 121.60 4.87 120.33
66.00 55.36 122.09 122.19 8.13 121.00
70.00 58.16 122.09 122.81 10.48 121.75
65.00 52.43 118.49 122.84 13.32 122.38
67.00 49.26 118.49 122.85 17.48 123.02
67.00 45.64 118.49 122.78 21.30 123.57
63.00 42.59 122.09 123.20 21.23 124.12
53.00 32.94 118.49 123.00 22.31 124.52
51.00 26.94 118.49 122.76 24.94 124.87
55.00 27.83 122.09 122.96 26.52 125.20
45.00 21.97 122.09 123.14 24.98 125.49
38.00 13.54 118.49 122.74 26.32 125.65
16.00 0.36 122.09 122.77 20.62 125.66
5.00 -13.88 115.08 121.73 22.21 125.49
1.00 -14.41 125.90 122.12 16.94 125.30
-14.00 -20.10 125.90 122.45 9.56 125.06
-13.00 -21.47 122.09 122.17 8.98 124.78
-19.00 -24.76 122.09 121.93 7.12 124.48
-13.00 -19.04 125.90 122.19 5.07 124.24
-18.00 -21.06 122.09 121.97 3.90 123.98
-15.00 -13.60 129.98 122.81 -1.84 123.81
-6.00 -6.16 125.90 123.09 -1.80 123.73
11.00 9.13 129.98 123.97 -2.08 123.85
18.00 19.37 129.98 124.88 -3.65 124.08
35.00 24.44 118.49 124.27 6.53 124.40
38.00 32.25 129.98 125.30 4.29 124.79
31.00 29.48 125.90 125.73 2.68 125.17
23.00 27.62 129.98 126.59 -2.70 125.50
20.00 27.35 129.98 127.35 -6.31 125.86
20.00 28.55 129.98 127.98 -8.34 126.20
23.00 31.26 129.98 128.58 -8.84 126.61
23.00 32.35 129.98 129.09 -9.47 127.00
35.00 42.45 134.40 130.18 -9.98 127.55
35.00 46.60 134.40 131.19 -12.12 128.11
34.00 48.33 134.40 132.14 -14.23 128.74
52.00 55.67 129.98 132.38 -7.41 129.40
52.00 55.25 129.98 132.70 -4.03 130.12
68.00 58.42 125.90 132.39 6.07 130.82
79.00 67.01 134.40 133.34 8.96 131.69
81.00 73.54 139.27 134.83 6.41 132.58
46.00 58.34 139.27 136.20 -5.25 133.33
50.00 58.51 139.27 137.21 -7.87 134.04
53.00 57.02 134.40 137.50 -4.52 134.78
98.00 81.78 139.27 138.39 6.73 135.76
88.00 74.28 129.98 138.19 13.81 136.73
95.00 78.06 139.27 139.12 15.50 137.66
-122.00 -35.95 139.27 139.69 -41.06 137.19
-105.00 -54.37 134.40 138.54 -44.80 136.49
-83.00 -44.76 139.27 138.05 -41.61 135.91
-79.00 -35.35 144.78 138.50 -45.18 135.48
-73.00 -26.23 144.78 138.95 -48.33 135.14
-70.00 -27.05 134.40 138.08 -43.91 134.82
-69.00 -28.56 134.40 137.28 -40.86 134.45
-85.00 -30.82 144.78 137.96 -50.92 134.08
-86.00 -38.83 129.98 136.54 -46.29 133.57
-112.00 -50.55 139.27 136.46 -55.84 132.96
-111.00 -54.04 134.40 135.61 -56.00 132.26
-120.00 -56.02 139.27 135.52 -61.89 131.59
127.00 69.12 129.98 134.52 6.76 132.49
-106.00 -27.71 139.27 139.79 -40.33 129.36
-92.00 -45.36 134.40 138.11 -41.65 128.77
-104.00 -52.74 139.27 137.88 -47.71 128.08
-102.00 -55.74 134.40 136.69 -45.94 127.41
-112.00 -54.96 144.78 137.51 -54.87 126.70
-119.00 -58.20 139.27 137.23 -58.89 126.00
126.00 71.47 139.27 137.26 3.80 126.93
114.00 89.58 134.40 137.63 16.33 128.00
95.00 81.17 134.40 138.17 16.10 129.06
85.00 71.86 134.40 138.49 15.70 129.92
93.00 78.00 144.78 140.13 13.87 130.93
100.00 88.56 151.28 142.39 9.76 132.00
104.00 92.33 144.78 143.71 10.49 133.20
112.00 93.62 139.27 144.13 16.46 134.32
123.00 96.42 139.27 144.61 23.87 135.57
119.00 99.42 151.28 146.45 19.86 136.77
-126.00 -31.64 144.78 147.00 -43.17 136.36
-119.00 -56.17 144.78 146.32 -53.61 135.68
-96.00 -49.50 144.78 145.51 -49.38 135.04
-80.00 -39.67 144.78 144.93 -44.27 134.56
-86.00 -35.73 151.28 145.29 -49.83 134.10
-81.00 -37.45 139.27 144.15 -44.51 133.65
-73.00 -31.90 144.78 143.82 -42.97 133.23
-59.00 -22.55 144.78 143.63 -39.76 132.96
-46.00 -12.89 144.78 143.55 -36.52 132.80
-44.00 -13.18 139.27 142.86 -31.96 132.64
-22.00 0.58 144.78 143.00 -27.41 132.65
-19.00 1.84 139.27 142.53 -22.48 132.67
-15.00 6.52 144.78 142.86 -22.69 132.75
48.00 41.68 144.78 143.27 -7.07 133.25
17.00 33.16 144.78 143.91 -12.49 133.68
-17.00 13.70 144.78 144.32 -22.84 133.85
-74.00 -15.18 151.28 145.31 -45.27 133.65
-40.00 -4.70 144.78 145.11 -39.57 133.59
-27.00 4.17 144.78 145.04 -34.78 133.65
-2.00 18.98 144.78 145.09 -26.95 133.88
2.00 15.83 134.40 143.88 -15.93 134.08
2.00 17.47 144.78 144.17 -15.91 134.29
-15.00 9.05 144.78 144.42 -20.59 134.41
-16.00 11.85 151.28 145.42 -26.91 134.55
-18.00 9.69 144.78 145.47 -27.07 134.68
-22.00 11.59 151.28 146.33 -32.62 134.82
-14.00 9.77 139.27 145.53 -25.25 134.94
-25.00 4.10 144.78 145.52 -27.12 134.99
-50.00 -10.70 144.78 145.42 -33.67 134.85
-59.00 7.97 180.00 149.90 -63.86 134.95
-55.00 9.41 151.28 150.17 -64.60 135.07
-54.00 5.85 144.78 149.55 -60.11 135.14
-53.00 2.81 144.78 148.98 -56.08 135.18
-80.00 -14.47 144.78 148.41 -59.96 135.00
-90.00 -25.29 144.78 147.74 -61.47 134.68
-111.00 -35.13 151.28 147.91 -70.81 134.25
-105.00 -36.68 144.78 147.10 -68.52 133.78
-107.00 -43.23 139.27 145.67 -63.40 133.26
-101.00 -40.53 144.78 145.08 -61.65 132.73
-104.00 -36.41 151.28 145.48 -67.20 132.29
-103.00 -31.31 151.28 145.84 -71.81 131.89
-103.00 -31.77 144.78 145.38 -71.26 131.51
-109.00 -30.09 151.28 145.80 -77.65 131.12
-111.00 -32.31 144.78 145.34 -78.01 130.73
-108.00 -26.24 151.28 145.78 -82.23 130.39
-95.00 -14.74 151.28 146.25 -83.06 130.21
-87.00 -10.04 144.78 145.91 -79.21 130.08
-96.00 -14.36 144.78 145.64 -80.24 129.91
-82.00 -3.29 151.28 146.25 -81.33 129.86
-93.00 -8.79 144.78 146.01 -82.46 129.76
-96.00 -7.18 151.28 146.61 -87.82 129.67
-92.00 -11.11 139.27 145.56 -81.53 129.53
-87.00 -3.67 151.28 146.21 -84.50 129.48
-80.00 -0.43 144.78 145.99 -81.28 129.48
-85.00 1.88 151.28 146.69 -86.18 129.50
-90.00 2.34 151.28 147.31 -91.15 129.53
-87.00 12.74 159.72 149.00 -100.10 129.70
-90.00 8.03 144.78 148.57 -97.48 129.79
-82.00 4.77 139.27 147.42 -88.34 129.86
-74.00 7.75 144.78 147.14 -83.75 129.95
-67.00 22.01 159.72 148.92 -90.87 130.23
-70.00 23.00 151.28 149.46 -92.76 130.51
-82.00 17.72 151.28 149.94 -97.16 130.74
-86.00 15.12 151.28 150.30 -99.75 130.92
-85.00 15.53 151.28 150.60 -100.45 131.12
-84.00 16.39 151.28 150.85 -100.58 131.32
-81.00 18.23 151.28 151.10 -99.89 131.56
-90.00 4.70 139.27 149.70 -92.98 131.61
-92.00 10.34 159.72 151.09 -101.55 131.75
-91.00 5.57 144.78 150.36 -96.62 131.82
-106.00 -1.65 151.28 150.52 -101.23 131.79
-98.00 7.91 159.72 151.73 -106.92 131.89
-80.00 12.52 144.78 150.92 -96.50 132.05
-77.00 16.35 151.28 151.11 -94.80 132.25
-74.00 18.66 151.28 151.32 -93.59 132.49
-84.00 13.68 151.28 151.50 -95.79 132.65
-85.00 18.30 159.72 152.75 -102.68 132.89
-88.00 21.52 159.72 153.86 -108.76 133.15
-87.00 25.90 159.72 154.88 -112.94 133.49
-82.00 25.58 151.28 154.68 -108.64 133.79
-78.00 25.39 151.28 154.52 -104.45 134.12
-85.00 19.57 151.28 154.35 -103.34 134.36
-95.00 11.13 151.28 154.14 -103.79 134.50
-90.00 10.25 151.28 153.88 -100.81 134.63
-84.00 18.06 159.72 154.78 -103.42 134.86
-87.00 14.37 151.28 154.50 -101.03 135.03
-88.00 11.06 151.28 154.23 -98.79 135.18
-80.00 12.78 151.28 153.96 -94.40 135.33
-76.00 35.48 180.00 157.60 -112.61 135.79
-89.00 24.11 151.28 157.11 -110.65 136.08
-72.00 33.51 159.72 157.75 -108.54 136.52
-50.00 41.45 151.28 157.27 -96.68 137.02
-48.00 62.19 180.00 160.79 -111.66 137.82
-32.00 58.65 144.78 159.33 -94.33 138.53
-11.00 64.90 151.28 158.95 -81.06 139.37
-21.00 55.94 151.28 158.60 -75.94 140.04
-21.00 49.27 151.28 158.25 -70.08 140.68
-16.00 52.46 159.72 158.96 -69.46 141.31
-15.00 47.13 151.28 158.53 -62.56 141.93
-2.00 48.26 151.28 158.07 -53.07 142.50
3.00 53.14 159.72 158.85 -51.77 143.20
28.00 67.32 159.72 159.55 -44.88 144.00
15.00 56.43 151.28 159.19 -39.89 144.74
9.00 52.34 159.72 159.84 -41.77 145.36
4.00 41.83 151.28 159.27 -36.47 145.91
24.00 45.19 151.28 158.67 -25.09 146.45
34.00 46.40 151.28 158.21 -15.32 147.05
45.00 48.04 151.28 157.79 -5.95 147.63
33.00 37.81 151.28 157.45 -2.92 148.12
23.00 48.33 180.00 160.83 -22.82 148.70
32.00 50.42 159.72 161.23 -19.77 149.36
39.00 53.20 159.72 161.57 -15.95 150.00
42.00 47.32 151.28 160.80 -6.33 150.61
63.00 51.24 151.28 160.05 7.15 151.23
64.00 46.98 151.28 159.46 15.83 151.84
63.00 46.84 159.72 159.99 16.12 152.40
61.00 45.14 159.72 160.48 16.27 152.99
60.00 37.01 151.28 159.72 23.27 153.43
59.00 29.52 151.28 159.01 29.73 153.81
76.00 27.26 144.78 157.44 45.22 154.14
75.00 18.65 144.78 156.06 55.81 154.38
89.00 22.50 151.28 155.64 63.46 154.65
93.00 44.57 180.00 159.16 47.00 155.23
99.00 48.50 159.72 159.71 48.95 155.81
112.00 55.67 159.72 160.28 53.29 156.54
118.00 59.49 159.72 160.79 56.62 157.25
-126.00 -75.68 151.28 159.83 0.20 156.27
-122.00 -110.88 144.78 156.97 -1.43 154.94
-115.00 -109.11 159.72 156.09 -5.33 153.52
-95.00 -101.54 151.28 154.34 2.48 152.30
-102.00 -104.42 151.28 152.78 3.03 150.94
-95.00 -94.85 159.72 152.63 -1.48 149.81
-61.00 -81.32 144.78 150.56 12.94 148.75
-58.00 -83.69 139.27 148.23 23.51 147.74
-41.00 -70.45 151.28 147.72 25.45 146.83
-20.00 -53.96 151.28 147.50 28.75 146.18
-33.00 -54.64 151.28 147.38 23.27 145.47
-18.00 -49.09 144.78 146.49 28.30 144.88
-16.00 -35.99 159.72 147.71 19.01 144.41
10.00 -27.88 139.27 146.25 32.23 144.08
25.00 -17.87 144.78 145.77 38.56 143.85
39.00 -3.90 151.28 146.34 39.09 143.80
54.00 9.80 151.28 146.99 40.28 143.93
46.00 10.82 151.28 147.65 36.04 144.06
43.00 6.48 144.78 147.39 37.32 144.14
64.00 15.07 144.78 147.13 44.71 144.32
49.00 -0.47 134.40 145.59 51.70 144.32
35.00 -9.61 144.78 145.45 48.00 144.20
50.00 -3.92 144.78 145.27 51.50 144.15
63.00 -0.33 139.27 144.45 60.10 144.15
80.00 6.36 139.27 143.79 69.41 144.23
72.00 0.89 139.27 143.25 71.89 144.24
82.00 2.70 139.27 142.74 77.37 144.27
91.00 5.79 139.27 142.32 82.92 144.34
109.00 10.36 134.40 141.36 94.39 144.48
111.00 8.28 134.40 140.55 101.41 144.58
109.00 6.86 139.27 140.47 102.28 144.67
125.00 10.53 134.40 139.76 111.15 144.79
125.00 11.80 139.27 139.82 112.50 144.95
121.00 5.85 134.40 139.21 115.83 145.02
127.00 4.92 134.40 138.64 120.97 145.08
123.00 -3.22 129.98 137.54 126.81 145.04
-124.00 -139.15 129.98 136.12 66.82 143.23
126.00 -38.23 129.98 134.14 122.83 142.77
-126.00 -148.40 134.40 133.43 66.36 140.84
-128.00 -176.93 125.90 130.82 58.52 138.72
-123.00 -178.22 129.98 128.71 56.18 136.40
-114.00 -174.50 125.90 126.49 58.82 134.31
-103.00 -163.44 129.98 125.01 57.80 132.19
-99.00 -160.68 122.09 122.93 60.29 130.26
-73.00 -142.41 125.90 121.56 63.71 128.41
-64.00 -130.09 125.90 120.68 63.02 126.85
-55.00 -121.38 122.09 119.42 63.86 125.27
-46.00 -112.19 122.09 118.53 63.79 123.92
-33.00 -100.26 122.09 117.77 64.06 122.62
-8.00 -78.34 125.90 117.84 64.46 121.68
33.00 -52.41 118.49 117.12 75.63 121.00
49.00 -31.71 125.90 117.78 75.34 120.62
42.00 -26.05 125.90 118.51 68.41 120.28
6.00 -39.32 125.90 119.17 52.92 119.81
-7.00 -47.53 122.09 119.08 44.84 119.19
7.00 -45.04 115.08 118.07 50.01 118.65
47.00 -24.78 115.08 117.23 63.00 118.32
40.00 -27.73 111.81 116.25 67.35 117.99
35.00 -33.27 111.81 115.34 69.23 117.56
36.00 -33.14 115.08 114.96 69.13 117.16
18.00 -47.06 108.68 113.72 68.81 116.55
25.00 -51.04 105.67 112.16 75.35 115.94
37.00 -46.51 108.68 111.14 80.86 115.33
58.00 -33.14 111.81 110.78 86.20 114.94
61.00 -30.24 108.68 110.14 89.58 114.54
64.00 -33.12 102.75 108.85 96.14 114.14
74.00 -29.44 105.67 108.06 101.15 113.76
70.00 -34.10 102.75 107.05 104.45 113.35
66.00 -41.49 99.93 105.71 108.39 112.81
46.00 -56.49 99.93 104.48 106.84 112.14
34.00 -68.00 99.93 103.21 105.41 111.25
23.00 -75.31 102.75 102.42 101.31 110.35
19.00 -75.77 105.67 101.99 96.23 109.36
40.00 -66.37 99.93 100.96 102.30 108.57
40.00 -59.98 105.67 100.85 99.14 107.79
47.00 -56.01 99.93 100.11 101.37 107.11
42.00 -59.45 97.18 99.08 102.15 106.34
41.00 -63.28 94.51 97.85 104.63 105.58
19.00 -78.94 91.90 96.31 102.60 104.56
18.00 -82.57 94.51 95.24 101.75 103.57
18.00 -84.92 91.90 93.86 103.16 102.46
13.00 -90.33 89.36 92.37 104.41 101.38
0.00 -99.14 89.36 90.93 102.08 100.09
-3.00 -100.62 91.90 90.02 98.87 98.88
-7.00 -100.95 91.90 89.13 95.05 97.57
-10.00 -103.90 86.87 87.77 94.76 96.32
-6.00 -101.91 86.87 86.49 95.26 95.00
-8.00 -99.51 89.36 85.81 91.80 93.80
23.00 -79.67 89.36 85.21 96.26 92.77
31.00 -71.96 84.42 84.29 99.95 91.90
34.00 -69.82 82.03 83.19 102.56 91.00
30.00 -69.69 84.42 82.62 100.26 90.16
34.00 -65.82 84.42 82.08 99.11 89.30
47.00 -59.84 79.68 81.10 103.97 88.59
46.00 -61.11 77.36 79.93 106.72 87.79
51.00 -57.91 79.68 79.27 107.79 87.10
53.00 -57.15 77.36 78.36 109.49 86.35
41.00 -65.08 75.09 77.32 108.44 85.57
37.00 -69.48 75.09 76.28 107.81 84.67
47.00 -68.57 70.64 74.82 113.75 83.85
52.00 -65.81 72.85 73.79 116.38 82.99
46.00 -70.01 70.64 72.68 116.96 82.15
35.00 -73.76 75.09 72.20 111.26 81.19
15.00 -87.76 68.46 70.90 107.45 80.14
6.00 -97.60 66.31 69.28 106.45 78.87
6.00 -98.83 68.46 68.15 105.43 77.68
3.00 -101.15 66.31 66.78 104.90 76.37
17.00 -93.62 66.31 65.69 107.85 75.25
4.00 -97.60 66.31 64.70 103.74 73.98
5.00 -97.71 64.18 63.61 102.94 72.80
9.00 -92.70 66.31 62.88 100.92 71.60
15.00 -87.31 64.18 62.10 100.89 70.55
14.00 -84.63 64.18 61.39 98.55 69.45
20.00 -78.55 64.18 60.89 97.29 68.51
14.00 -80.94 60.00 59.88 95.93 67.46
16.00 -81.14 57.94 58.78 96.93 66.48
10.00 -85.58 55.91 57.48 96.78 65.37
11.00 -84.55 57.94 56.65 95.60 64.36
13.00 -81.70 57.94 55.87 94.29 63.29
-13.00 -95.92 53.89 54.72 88.26 62.14
-15.00 -100.99 51.89 53.25 87.52 60.83
-19.00 -105.52 49.91 51.75 87.67 59.56
-28.00 -109.70 51.89 50.56 83.82 58.14
-30.00 -109.86 51.89 49.59 80.73 56.82
-49.00 -120.48 47.94 48.10 75.63 55.25
-57.00 -124.40 49.91 47.07 69.94 53.76
-65.00 -128.05 47.94 45.77 65.25 52.10
-76.00 -132.19 47.94 44.71 58.95 50.51
-91.00 -137.75 47.94 43.63 50.46 48.72
-81.00 -129.92 47.94 42.78 47.61 47.16
-75.00 -120.85 47.94 42.01 44.33 45.59
-76.00 -116.46 45.99 41.29 40.36 44.19
-82.00 -113.33 47.94 40.86 32.58 42.72
-70.00 -102.75 45.99 40.37 30.51 41.48
-64.00 -93.12 45.99 39.98 27.41 40.27
-55.00 -85.01 42.12 39.31 27.78 39.25
-61.00 -85.46 40.21 38.47 25.25 38.14
-61.00 -85.22 38.31 37.56 24.39 37.12
-58.00 -80.86 40.21 36.96 22.27 36.07
-51.00 -75.11 38.31 36.31 22.53 35.17
-53.00 -71.60 40.21 35.98 18.70 34.24
-47.00 -66.08 38.31 35.56 17.85 33.44
-51.00 -66.22 36.42 34.92 15.80 32.58
-54.00 -67.79 34.54 34.18 14.54 31.77
-53.00 -66.71 34.54 33.46 13.66 30.90
-68.00 -74.57 32.67 32.64 9.69 30.01
-69.00 -75.97 32.67 31.80 7.83 29.02
-79.00 -81.75 30.81 30.86 5.01 28.04
-70.00 -76.02 32.67 30.19 4.62 27.05
-78.00 -78.33 30.81 29.48 1.71 26.11
-78.00 -75.84 32.67 29.02 -1.87 25.13
-78.00 -75.35 28.96 28.22 -2.59 24.22
-85.00 -76.34 30.81 27.71 -7.18 23.23
-99.00 -82.84 28.96 27.06 -12.92 22.23
-101.00 -83.32 28.96 26.37 -16.58 21.15
-101.00 -81.18 28.96 25.85 -19.59 20.18
-100.00 -79.01 27.11 25.10 -21.15 19.15
-96.00 -75.97 25.27 24.31 -20.89 18.24
-102.00 -78.58 23.44 23.33 -22.35 17.22
-106.00 -79.06 25.27 22.76 -25.88 16.27
-110.00 -80.42 23.44 21.96 -28.52 15.22
-96.00 -74.52 19.79 20.85 -24.18 14.33
-106.00 -79.81 17.98 19.62 -24.67 13.29
-112.00 -81.52 21.61 19.04 -28.90 12.31
-108.00 -77.48 21.61 18.47 -31.03 11.31
-107.00 -73.59 21.61 18.08 -33.71 10.42
-120.00 -78.23 19.79 17.47 -39.11 9.40
-113.00 -64.05 17.98 11.47 -49.77 2.17
-115.00 -62.76 12.56 11.16 -51.99 1.41
-118.00 -62.60 12.56 10.87 -54.72 0.66
-125.00 -66.09 10.76 10.18 -57.31 -0.20
62.00 37.61 10.76 6.85 -14.25 4.05
47.00 46.86 3.58 6.41 -4.81 4.62
29.00 37.62 3.58 6.23 -5.90 5.07
22.00 31.66 5.37 6.45 -7.64 5.48
-50.00 -12.35 3.58 7.49 -22.25 4.08
-55.00 -29.72 -1.79 5.12 -21.05 3.73
-59.00 -37.06 0.00 3.78 -20.22 3.28
-62.00 -42.47 -1.79 2.37 -18.55 2.73
-60.00 -43.89 -1.79 1.26 -16.33 2.20
-45.00 -36.24 0.00 0.61 -11.93 1.73
-37.00 -31.36 -1.79 -0.09 -7.97 1.36
-38.00 -30.40 0.00 -0.43 -7.87 0.96
-21.00 -21.83 -1.79 -0.90 -2.78 0.70
-20.00 -21.67 -5.37 -1.70 0.70 0.42
-64.00 -50.20 -12.56 -3.33 -4.83 -0.19
-87.00 -68.87 -7.17 -4.42 -11.47 -1.08
-114.00 -87.73 -7.17 -5.52 -19.24 -2.13
67.00 4.61 -5.37 -6.24 26.08 -2.07
55.00 16.78 -7.17 -6.27 33.15 -1.87
33.00 9.51 -3.58 -5.78 27.02 -1.75
0.00 -9.51 -5.37 -5.68 17.14 -1.86
4.00 -11.12 -5.37 -5.76 15.88 -2.01
8.00 -7.77 -3.58 -5.60 15.10 -2.10
8.00 -4.56 -1.79 -5.20 12.43 -2.16
50.00 22.79 1.79 -4.30 18.42 -1.89
54.00 31.18 -1.79 -3.70 20.15 -1.48
72.00 43.21 -1.79 -3.10 24.48 -0.96
96.00 58.67 -1.79 -2.40 31.42 -0.20
111.00 65.49 -7.17 -2.38 41.14 0.59
117.00 63.81 -10.76 -2.73 51.01 1.42
77.00 39.92 -7.17 -2.71 44.97 1.89
-15.00 -15.08 -5.37 -2.76 20.92 1.70
0.00 -22.79 -8.96 -3.75 24.00 1.43
-8.00 -30.06 -7.17 -4.48 23.97 1.03
-5.00 -29.90 -5.37 -4.91 24.67 0.68
1.00 -25.30 -3.58 -5.06 25.00 0.35
9.00 -19.04 -3.58 -5.11 26.10 0.12
12.00 -15.07 -3.58 -5.11 26.04 -0.08
22.00 -9.33 -5.37 -5.29 29.03 -0.19
33.00 -3.69 -7.17 -5.63 33.91 -0.24
33.00 -2.00 -5.37 -5.63 34.42 -0.26
9.00 -14.10 -5.37 -5.65 27.99 -0.44
43.00 4.28 -1.79 -5.24 32.65 -0.39
24.00 0.08 -1.79 -4.75 26.62 -0.39
81.00 25.43 -8.96 -5.23 44.23 -0.09
-2.00 -15.36 -8.96 -5.55 28.31 -0.29
39.00 -0.02 -3.58 -5.41 33.58 -0.29
69.00 17.28 -7.17 -5.60 44.32 -0.06
62.00 17.50 -5.37 -5.39 44.42 0.15
50.00 11.07 -5.37 -5.20 41.42 0.29
40.00 2.91 -7.17 -5.37 39.69 0.33
47.00 3.82 -7.17 -5.57 42.26 0.38
45.00 3.37 -5.37 -5.51 41.86 0.42
29.00 -9.20 -10.76 -6.19 41.58 0.30
12.00 -20.58 -7.17 -6.45 36.83 0.05
13.00 -24.00 -8.96 -7.02 37.67 -0.26
4.00 -31.70 -10.76 -7.78 37.72 -0.64
5.00 -31.45 -7.17 -8.06 36.67 -1.05
-5.00 -35.86 -7.17 -8.28 33.00 -1.48
2.00 -32.10 -7.17 -8.53 33.09 -1.90
-3.00 -32.87 -7.17 -8.69 30.70 -2.29
1.00 -31.09 -8.96 -9.09 31.43 -2.70
-10.00 -34.78 -7.17 -9.17 26.95 -3.11
0.00 -27.42 -5.37 -9.04 25.79 -3.47
-4.00 -26.99 -7.17 -9.08 23.49 -3.80
-9.00 -28.15 -7.17 -9.14 20.30 -4.16
-12.00 -28.58 -7.17 -9.18 17.45 -4.50
-11.00 -26.70 -7.17 -9.23 15.68 -4.85
-13.00 -24.57 -5.37 -9.00 11.99 -5.15
-20.00 -25.46 -5.37 -8.80 7.02 -5.48
-27.00 -28.49 -7.17 -8.86 3.28 -5.82
-40.00 -34.69 -7.17 -8.98 -2.22 -6.27
-52.00 -42.30 -8.96 -9.36 -6.55 -6.78
-53.00 -41.03 -5.37 -9.31 -11.10 -7.31
-79.00 -53.16 -7.17 -9.49 -20.22 -7.95
-92.00 -62.02 -8.96 -10.04 -26.09 -8.76
-98.00 -65.84 -8.96 -10.56 -30.10 -9.55
-117.00 -70.94 -3.58 -10.40 -41.65 -10.47
-112.00 -64.81 -3.58 -10.23 -47.30 -11.25
-75.00 -42.31 -7.17 -10.49 -40.43 -11.80
-83.00 -42.26 -10.76 -10.97 -40.68 -12.30
-86.00 -37.81 -3.58 -10.46 -47.54 -12.79
-69.00 -23.65 -3.58 -9.92 -48.75 -13.08
-73.00 -18.89 -3.58 -9.34 -53.97 -13.32
-65.00 -10.22 -3.58 -8.76 -56.42 -13.45
-70.00 -7.94 -3.58 -8.18 -61.35 -13.55
-82.00 -12.42 -5.37 -7.91 -66.93 -13.70
-97.00 -21.01 -7.17 -7.98 -72.30 -13.97
-98.00 -19.95 -3.58 -7.62 -77.07 -14.21
-115.00 -28.86 -7.17 -7.81 -82.38 -14.59
119.00 94.35 -5.37 -7.46 -23.40 -13.45
114.00 119.01 -3.58 -5.81 -13.99 -11.91
114.00 121.62 -7.17 -4.74 -9.50 -10.45
106.00 119.45 -1.79 -2.99 -12.17 -8.89
97.00 112.51 -3.58 -1.84 -13.36 -7.54
98.00 109.46 -3.58 -0.81 -11.23 -6.12
105.00 109.92 -3.58 -0.03 -6.33 -4.80
95.00 101.60 -3.58 0.72 -4.82 -3.48
97.00 97.52 -3.58 1.21 -0.57 -2.31
93.00 92.19 -1.79 1.90 1.63 -1.11
93.00 86.76 -3.58 2.13 6.40 -0.07
76.00 73.89 -1.79 2.55 5.69 0.89
64.00 61.72 -1.79 2.72 5.52 1.63
39.00 41.45 -3.58 2.53 3.44 2.17
26.00 26.50 -3.58 2.12 3.43 2.49
22.00 20.44 0.00 2.13 3.21 2.75
7.00 8.57 -1.79 1.78 1.90 2.85
9.00 5.06 -1.79 1.40 4.24 2.90
-2.00 -1.97 0.00 1.26 2.33 2.88
-15.00 -10.96 0.00 1.05 -0.83 2.76
-23.00 -17.54 0.00 0.79 -3.12 2.55
-39.00 -26.26 1.79 0.69 -8.91 2.21
-44.00 -32.54 -1.79 0.08 -9.62 1.82
-48.00 -32.62 3.58 0.17 -14.16 1.39
-65.00 -39.30 3.58 0.25 -21.89 0.92
-76.00 -42.75 5.37 0.47 -30.15 0.36
-75.00 -41.07 3.58 0.43 -33.49 -0.13
-86.00 -42.86 5.37 0.61 -40.74 -0.69
-86.00 -41.44 3.58 0.56 -44.05 -1.18
-95.00 -40.92 7.17 0.96 -52.08 -1.71
-103.00 -41.04 7.17 1.35 -59.87 -2.21
-115.00 -42.17 8.96 1.89 -69.88 -2.76
-128.00 -43.38 10.76 2.61 -81.28 -3.28
110.00 86.73 10.76 3.56 -25.69 -2.15
104.00 112.65 8.96 5.25 -17.61 -0.80
100.00 118.37 10.76 7.26 -19.40 0.74
95.00 120.61 14.36 9.43 -24.78 2.19
81.00 115.38 14.36 11.43 -31.28 3.69
75.00 111.77 14.36 13.01 -34.87 5.03
59.00 100.90 12.56 14.18 -38.17 6.34
53.00 95.00 14.36 15.24 -39.97 7.48
52.00 93.17 16.17 16.43 -40.54 8.69
58.00 94.95 16.17 17.37 -38.07 9.83
53.00 91.05 16.17 18.27 -37.24 11.02
58.00 92.20 17.98 19.19 -35.08 12.12
56.00 91.16 19.79 20.30 -34.93 13.31
45.00 82.66 17.98 20.93 -35.32 14.30
59.00 88.49 21.61 21.97 -31.93 15.45
64.00 92.71 23.44 23.09 -30.26 16.56
72.00 95.69 21.61 23.95 -25.68 17.81
79.00 97.77 21.61 24.65 -20.65 18.98
82.00 99.84 25.27 25.84 -18.86 20.28
88.00 100.80 23.44 26.57 -14.27 21.49
91.00 101.16 25.27 27.54 -11.10 22.80
103.00 106.72 27.11 28.55 -6.42 24.08
116.00 112.82 27.11 29.59 -0.10 25.55
111.00 110.41 28.96 30.67 0.95 26.87
104.00 104.13 28.96 31.68 1.40 28.23
124.00 110.83 28.96 32.42 9.31 29.56
-119.00 -17.26 30.81 33.10 -51.84 29.33
-123.00 -47.19 30.81 32.54 -64.56 28.77
-128.00 -56.59 30.81 31.75 -68.02 28.03
125.00 75.91 32.67 31.64 -3.00 28.94
-127.00 -30.60 30.81 32.08 -54.68 28.55
-127.00 -51.82 32.67 31.78 -66.47 27.92
116.00 72.58 32.67 31.67 -5.47 28.87
116.00 99.81 34.54 32.87 5.98 30.06
112.00 103.36 34.54 34.23 7.35 31.41
102.00 98.07 34.54 35.33 5.75 32.59
104.00 98.02 36.42 36.58 5.94 33.86
105.00 98.99 38.31 37.84 5.80 35.05
105.00 98.48 38.31 39.01 6.47 36.33
100.00 94.44 38.31 39.94 6.59 37.46
105.00 94.35 38.31 40.79 9.82 38.69
103.00 92.44 40.21 41.69 10.80 39.80
101.00 89.21 40.21 42.53 12.25 40.96
99.00 83.90 38.31 42.89 15.61 41.96
105.00 85.37 42.12 43.74 18.48 43.07
98.00 78.83 40.21 44.15 20.38 44.02
86.00 69.55 42.12 44.75 19.20 44.92
77.00 60.74 42.12 45.11 18.71 45.65
75.00 58.47 45.99 45.90 17.46 46.41
76.00 56.57 44.05 46.26 19.42 47.09
72.00 55.19 47.94 47.12 17.64 47.81
60.00 45.61 44.05 47.27 17.07 48.36
60.00 42.77 45.99 47.61 17.78 48.91
56.00 40.24 47.94 48.09 16.71 49.39
37.00 33.77 53.89 49.29 7.40 49.83
49.00 39.56 51.89 50.00 7.81 50.31
46.00 38.38 49.91 50.43 7.91 50.81
49.00 37.57 47.94 50.50 10.86 51.26
42.00 33.36 49.91 50.83 9.98 51.69
47.00 37.30 53.89 51.59 8.94 52.14
59.00 45.39 53.89 52.34 10.95 52.73
67.00 50.24 51.89 52.77 14.53 53.33
65.00 50.72 53.89 53.48 14.23 53.99
32.00 36.31 57.94 54.56 2.57 54.43
31.00 34.39 57.94 55.41 -1.74 54.87
25.00 35.12 62.08 56.64 -8.51 55.30
-7.00 18.09 57.94 57.16 -18.08 55.53
-13.00 11.67 57.94 57.43 -21.96 55.67
-25.00 7.36 62.08 58.17 -29.28 55.77
-38.00 1.81 62.08 58.74 -36.45 55.79
-54.00 -7.43 60.00 58.90 -42.53 55.69
-58.00 -5.97 66.31 59.80 -50.34 55.62
-55.00 -0.25 66.31 60.60 -55.01 55.62
-66.00 -3.18 64.18 61.06 -60.57 55.58
-71.00 0.35 70.64 62.29 -69.82 55.58
-66.00 8.50 70.64 63.41 -75.22 55.69
-55.00 18.43 68.46 64.20 -75.87 55.93
-64.00 19.70 70.64 65.24 -82.32 56.16
-69.00 23.66 75.09 66.77 -91.32 56.47
-54.00 36.94 75.09 68.14 -93.78 56.91
-52.00 42.71 72.85 69.19 -95.72 57.47
-41.00 51.41 72.85 70.14 -94.91 58.08
-27.00 63.35 75.09 71.41 -93.79 58.91
-21.00 74.02 79.68 73.18 -96.97 59.80
-15.00 82.43 79.68 74.89 -99.08 60.87
-15.00 86.17 79.68 76.39 -101.51 61.90
-12.00 91.38 82.03 78.12 -104.07 63.09
-4.00 96.30 79.68 79.29 -102.11 64.25
1.00 101.02 82.03 80.75 -101.44 65.56
-8.00 97.08 82.03 81.96 -103.50 66.72
4.00 101.65 82.03 83.08 -99.83 68.05
31.00 115.27 82.03 84.04 -90.36 69.43
43.00 127.70 89.36 86.07 -88.47 71.09
47.00 129.37 84.42 87.19 -84.00 72.64
54.00 134.28 89.36 88.95 -82.08 74.39
54.00 134.31 89.36 90.41 -80.68 76.00
67.00 137.31 86.87 91.47 -73.11 77.78
66.00 133.51 86.87 92.28 -67.89 79.39
71.00 134.73 91.90 93.74 -64.85 81.14
83.00 140.98 94.51 95.27 -60.72 82.83
89.00 141.61 91.90 96.42 -54.45 84.67
87.00 138.79 94.51 97.64 -51.76 86.33
96.00 139.74 94.51 98.79 -45.62 88.15
96.00 136.20 94.51 99.68 -40.61 89.79
104.00 135.32 94.51 100.54 -33.09 91.55
108.00 134.58 97.18 101.51 -27.79 93.16
115.00 134.26 97.18 102.45 -20.98 94.91
-126.00 5.27 99.93 103.18 -81.33 94.97
121.00 106.37 99.93 103.10 -26.50 96.35
-127.00 -5.81 99.93 103.49 -78.02 96.28
-125.00 -30.12 99.93 102.89 -86.29 95.89
-127.00 -37.66 99.93 102.16 -87.14 95.44
-128.00 -38.52 102.75 101.81 -88.81 94.94
123.00 94.20 102.75 101.89 -23.44 96.07
126.00 122.97 102.75 103.15 -8.51 97.67
126.00 129.83 105.67 104.78 -6.23 99.22
126.00 130.48 105.67 106.36 -4.99 100.92
-128.00 0.11 111.81 108.09 -75.19 100.92
-118.00 -24.31 105.67 107.70 -84.73 100.61
-109.00 -25.61 105.67 107.18 -83.40 100.30
-90.00 -20.89 99.93 105.95 -73.09 100.03
-63.00 -6.84 102.75 105.35 -62.63 99.95
-29.00 17.06 108.68 105.78 -54.50 100.17
-29.00 21.26 105.67 105.95 -52.02 100.42
-22.00 25.44 105.67 106.17 -49.27 100.75
-35.00 26.09 115.08 107.60 -58.75 101.07
-23.00 27.21 102.75 107.26 -52.23 101.42
-29.00 23.66 105.67 107.33 -51.83 101.70
-34.00 23.79 111.81 108.18 -56.56 102.01
-46.00 14.70 105.67 108.08 -57.95 102.19
-48.00 17.40 115.08 109.17 -64.40 102.42
-35.00 28.03 115.08 110.16 -65.53 102.75
-33.00 31.38 111.81 110.70 -65.32 103.16
-37.00 30.33 111.81 111.17 -66.69 103.52
-29.00 36.88 115.08 112.04 -67.41 104.00
-20.00 44.39 115.08 112.85 -66.58 104.54
-26.00 46.25 118.49 114.10 -71.45 105.14
-24.00 47.21 115.08 114.71 -71.46 105.70
-26.00 46.10 115.08 115.29 -71.73 106.30
-18.00 49.53 115.08 115.75 -69.13 106.90
-10.00 56.18 118.49 116.69 -68.18 107.63
0.00 60.76 115.08 117.08 -63.26 108.36
9.00 64.68 115.08 117.51 -58.09 109.20
12.00 70.41 122.09 118.80 -59.53 110.04
13.00 67.99 115.08 119.10 -55.44 110.93
24.00 70.34 115.08 119.29 -48.73 111.77
30.00 73.45 118.49 119.98 -45.21 112.73
26.00 70.47 118.49 120.55 -44.00 113.57
34.00 72.16 118.49 121.08 -39.74 114.51
30.00 65.68 115.08 121.03 -35.18 115.30
35.00 65.46 118.49 121.43 -31.41 116.15
16.00 58.76 125.90 122.68 -38.99 116.85
10.00 52.59 122.09 123.25 -40.55 117.54
7.00 54.57 129.98 124.69 -46.51 118.19
14.00 52.42 118.49 124.48 -39.67 118.87
4.00 45.53 122.09 124.70 -39.71 119.42
-5.00 37.40 122.09 124.84 -40.14 119.91
-4.00 37.20 125.90 125.37 -40.94 120.35
-7.00 32.61 122.09 125.35 -38.93 120.78
-11.00 27.38 122.09 125.25 -37.41 121.10
-17.00 23.94 125.90 125.63 -39.49 121.42
-18.00 22.64 125.90 125.91 -40.13 121.69
-18.00 22.14 125.90 126.17 -40.03 121.98
-11.00 25.36 125.90 126.37 -37.80 122.28
-7.00 30.73 129.98 127.15 -38.86 122.68
-16.00 22.47 122.09 126.78 -36.83 122.95
-9.00 24.39 125.90 126.93 -34.52 123.27
-16.00 20.30 125.90 127.04 -35.08 123.51
-15.00 19.12 125.90 127.11 -34.07 123.76
-6.00 22.74 125.90 127.16 -30.61 124.03
-15.00 17.80 125.90 127.24 -31.31 124.26
-8.00 19.52 125.90 127.26 -28.67 124.50
-8.00 18.90 125.90 127.30 -27.15 124.74
-22.00 13.53 129.98 127.83 -32.66 124.90
-22.00 10.42 125.90 127.72 -31.82 125.04
-20.00 16.13 134.40 128.72 -36.42 125.23
-8.00 30.48 139.27 130.33 -41.03 125.63
-1.00 34.96 129.98 130.62 -37.96 126.05
-1.00 38.55 134.40 131.52 -39.97 126.55
7.00 48.51 139.27 132.96 -43.26 127.13
12.00 49.30 129.98 133.12 -38.72 127.77
20.00 51.42 129.98 133.23 -33.39 128.39
23.00 51.05 129.98 133.38 -29.09 129.05
5.00 42.44 134.40 134.03 -33.90 129.56
4.00 43.64 139.27 135.20 -38.68 130.13
7.00 47.41 139.27 136.20 -40.83 130.70
4.00 47.93 139.27 137.14 -43.38 131.32
-3.00 45.14 139.27 137.91 -46.57 131.86
-6.00 43.33 139.27 138.59 -48.37 132.43
-4.00 43.99 139.27 139.14 -48.21 132.96
6.00 49.04 139.27 139.67 -45.17 133.59
9.00 50.99 139.27 140.13 -43.06 134.21
15.00 57.75 144.78 141.34 -44.22 134.96
22.00 64.29 144.78 142.41 -44.05 135.73
33.00 67.97 139.27 142.73 -37.64 136.61
51.00 75.60 139.27 143.01 -28.92 137.52
52.00 74.79 139.27 143.37 -23.91 138.49
48.00 73.67 144.78 144.33 -25.06 139.37
39.00 64.03 139.27 144.47 -23.03 140.21
48.00 67.36 144.78 145.18 -20.83 141.02
54.00 70.31 144.78 145.90 -17.87 141.93
52.00 68.58 144.78 146.48 -16.49 142.75
70.00 71.82 139.27 146.32 -5.57 143.69
70.00 71.97 144.78 146.86 -2.76 144.55
64.00 66.92 144.78 147.39 -1.84 145.42
72.00 79.31 159.72 149.73 -8.74 146.37
84.00 86.76 151.28 150.85 -5.56 147.50
98.00 86.02 139.27 150.24 8.46 148.53
98.00 87.81 151.28 151.35 9.45 149.67
101.00 79.81 139.27 150.66 20.39 150.63
92.00 66.01 139.27 150.03 27.68 151.49
81.00 59.68 151.28 150.86 23.97 152.20
73.00 53.81 151.28 151.57 21.42 152.90
72.00 46.46 144.78 151.22 26.20 153.46
81.00 45.47 144.78 150.90 33.78 154.05
80.00 45.73 151.28 151.42 34.11 154.60
79.00 44.73 151.28 151.92 34.45 155.18
88.00 48.48 151.28 152.31 37.68 155.76
102.00 55.54 151.28 152.74 43.15 156.49
111.00 60.40 151.28 153.14 48.03 157.21
124.00 61.60 144.78 152.73 59.13 158.01
-124.00 -68.78 151.28 152.83 -4.15 157.19
-123.00 -100.57 144.78 150.90 -11.99 155.88
-113.00 -92.90 159.72 150.88 -19.99 154.58
-110.00 -90.23 151.28 149.97 -20.38 153.50
-113.00 -89.59 151.28 149.13 -22.91 152.33
-96.00 -78.46 151.28 148.51 -20.98 151.39
-108.00 -80.07 151.28 147.99 -26.14 150.35
-104.00 -75.68 151.28 147.60 -28.77 149.44
-111.00 -80.53 144.78 146.36 -29.11 148.39
-98.00 -69.95 151.28 146.19 -30.47 147.55
-97.00 -63.59 151.28 146.09 -34.11 146.73
-95.00 -57.67 151.28 146.12 -37.88 146.04
-91.00 -44.37 159.72 147.30 -47.56 145.46
-99.00 -38.30 159.72 148.48 -59.21 145.00
-86.00 -23.32 159.72 149.57 -65.06 144.70
-94.00 -3.03 180.00 153.36 -89.75 144.66
-93.00 -4.70 151.28 153.05 -88.25 144.60
-86.00 19.41 180.00 156.59 -106.82 144.83
-79.00 19.59 151.28 156.11 -100.36 145.09
-84.00 14.05 151.28 155.67 -97.38 145.25
-63.00 21.25 151.28 155.27 -88.51 145.53
-56.00 30.35 159.72 156.10 -88.69 145.90
-62.00 24.45 151.28 155.79 -85.69 146.21
-56.00 29.96 159.72 156.57 -87.05 146.57
-45.00 38.42 159.72 157.35 -85.94 147.07
-36.00 39.52 151.28 156.96 -77.93 147.55
-27.00 47.23 159.72 157.79 -76.61 148.16
-3.00 77.53 180.00 161.27 -86.01 149.09
9.00 84.77 159.72 161.96 -79.42 150.19
19.00 89.47 159.72 162.57 -73.32 151.27
39.00 98.43 159.72 163.23 -64.20 152.55
58.00 100.97 151.28 162.69 -47.95 153.76
70.00 122.10 180.00 166.17 -55.62 155.35
94.00 124.16 151.28 165.50 -35.92 156.83
102.00 125.75 159.72 166.14 -26.64 158.47
119.00 130.19 159.72 166.63 -15.35 160.03
-109.00 5.91 159.72 166.83 -68.20 160.11
-95.00 -23.16 151.28 164.78 -65.04 159.83
-82.00 -29.97 151.28 162.72 -53.34 159.44
-61.00 -31.59 144.78 160.05 -34.09 159.06
-50.00 -29.73 151.28 158.55 -23.56 158.68
-45.00 -8.81 180.00 161.10 -37.88 158.57
-20.00 -2.19 151.28 159.73 -23.40 158.54
-9.00 0.14 151.28 158.61 -12.62 158.54
-1.00 0.58 151.28 157.64 -3.99 158.55
20.00 8.05 151.28 156.84 7.05 158.65
24.00 3.44 144.78 155.33 18.68 158.69
20.00 -5.71 144.78 153.96 26.14 158.62
27.00 -9.21 144.78 152.67 34.82 158.50
30.00 -7.88 151.28 152.40 36.96 158.41
40.00 -12.08 139.27 150.57 49.78 158.25
51.00 -13.55 139.27 148.96 61.76 158.09
73.00 -7.77 139.27 147.55 75.58 157.99
87.00 0.29 144.78 147.13 82.70 157.99
83.00 -5.70 139.27 146.08 88.69 157.92
80.00 -12.39 139.27 145.11 93.00 157.77
88.00 -3.68 151.28 145.81 90.14 157.72
96.00 -3.59 139.27 144.91 97.59 157.68
116.00 3.71 139.27 144.15 107.69 157.73
122.00 5.55 139.27 143.55 114.23 157.79
-128.00 -131.79 134.40 142.02 55.49 156.08
96.00 -49.11 129.98 139.29 109.14 155.49
79.00 -42.38 134.40 138.12 117.41 154.94
61.00 -52.19 134.40 137.16 116.11 154.31
7.00 -83.71 134.40 136.12 102.59 153.23
7.00 -86.80 139.27 135.65 96.29 152.18
16.00 -83.47 134.40 134.52 98.11 151.10
57.00 -60.51 134.40 133.69 108.67 150.37
74.00 -45.78 134.40 133.15 114.39 149.78
80.00 -38.42 134.40 132.85 116.05 149.32
90.00 -30.35 134.40 132.65 117.77 148.92
124.00 -12.85 129.98 132.03 129.21 148.77
117.00 -10.58 134.40 132.20 127.45 148.63
-126.00 -139.90 129.98 131.45 64.59 146.95
-108.00 -153.45 134.40 130.22 52.28 144.96
-103.00 -156.29 125.90 128.05 53.67 143.08
-102.00 -156.05 125.90 126.00 53.92 141.05
-107.00 -154.17 129.98 124.90 48.20 139.20
-103.00 -150.32 125.90 123.31 46.70 137.25
-106.00 -145.13 129.98 122.63 39.64 135.51
-120.00 -151.73 122.09 120.90 34.76 133.53
-102.00 -138.68 125.90 120.01 33.56 131.87
-106.00 -136.18 122.09 118.72 30.37 130.10
-104.00 -131.43 122.09 117.76 27.06 128.52
-101.00 -127.79 118.49 116.38 26.09 126.86
-100.00 -121.40 122.09 115.81 21.05 125.40
-98.00 -114.17 122.09 115.29 15.69 123.92
-89.00 -102.98 122.09 115.02 12.02 122.68
-87.00 -97.22 118.49 114.33 9.40 121.42
-85.00 -88.97 122.09 114.35 3.39 120.35
-91.00 -87.78 118.49 113.90 -2.08 119.21
-92.00 -84.62 118.49 113.59 -6.93 118.20
-78.00 -72.91 118.49 113.32 -7.90 117.25
-92.00 -76.79 115.08 112.78 -12.87 116.33
-84.00 -71.30 115.08 112.23 -13.88 115.40
-79.00 -67.71 111.81 111.44 -12.57 114.59
-80.00 -66.61 111.81 110.73 -13.45 113.72
-84.00 -67.25 111.81 110.17 -15.93 112.91
-85.00 -68.68 108.68 109.21 -15.94 112.02
-70.00 -60.77 108.68 108.45 -12.28 111.29
-74.00 -60.48 108.68 107.79 -13.32 110.51
-71.00 -57.79 108.68 107.29 -13.79 109.81
-66.00 -53.21 108.68 106.83 -13.95 109.12
-64.00 -51.95 105.67 106.13 -12.71 108.50
-61.00 -47.56 108.68 105.89 -14.20 107.88
-67.00 -50.05 105.67 105.36 -15.85 107.28
-47.00 -39.38 105.67 104.86 -11.56 106.77
-41.00 -33.18 105.67 104.57 -9.89 106.37
-27.00 -25.79 102.75 103.98 -4.57 106.03
-39.00 -28.82 105.67 103.92 -8.37 105.69
-58.00 -38.15 105.67 103.80 -15.50 105.19
-124.00 -71.10 108.68 103.95 -38.21 104.34
-110.00 -75.92 97.18 102.25 -33.94 103.35
-108.00 -76.01 99.93 101.15 -32.38 102.44
-106.00 -72.78 102.75 100.51 -33.71 101.49
-120.00 -79.67 99.93 99.66 -37.52 100.54
-125.00 -84.88 97.18 98.42 -38.49 99.43
-122.00 -82.24 99.93 97.74 -40.04 98.45
-113.00 -76.97 97.18 96.75 -37.97 97.45
-105.00 -72.74 94.51 95.67 -34.33 96.57
-105.00 -69.77 97.18 95.05 -35.66 95.67
-92.00 -62.49 94.51 94.27 -32.32 94.92
-94.00 -61.26 94.51 93.60 -32.90 94.12
-86.00 -53.69 97.18 93.45 -34.00 93.48
-77.00 -50.66 89.36 92.32 -28.58 92.82
-91.00 -58.63 89.36 91.38 -29.92 92.11
-92.00 -59.47 91.90 90.78 -31.81 91.34
-100.00 -64.59 89.36 89.96 -33.59 90.57
-101.00 -63.96 91.90 89.49 -36.45 89.73
-102.00 -64.31 89.36 88.80 -37.35 88.96
-101.00 -64.80 86.87 87.82 -36.34 88.12
-115.00 -70.34 89.36 87.33 -41.77 87.28
-119.00 -73.62 86.87 86.47 -43.94 86.32
-126.00 -77.09 86.87 85.74 -47.15 85.39
127.00 54.79 84.42 85.07 19.77 86.11
127.00 81.38 84.42 85.63 34.68 87.08
114.00 78.57 84.42 86.38 35.86 88.10
105.00 71.41 84.42 86.93 35.55 88.96
110.00 68.56 82.03 87.08 40.80 89.85
107.00 61.08 79.68 86.80 46.40 90.58
109.00 57.63 82.03 86.86 51.05 91.33
98.00 46.04 79.68 86.49 54.18 91.89
98.00 41.01 82.03 86.40 57.44 92.42
93.00 32.67 79.68 85.93 61.46 92.81
93.00 25.21 77.36 85.15 68.01 93.14
90.00 17.38 77.36 84.37 73.28 93.35
73.00 2.57 77.36 83.60 74.10 93.38
79.00 -0.96 77.36 82.80 79.47 93.37
75.00 -6.95 77.36 82.06 82.67 93.28
87.00 -4.52 77.36 81.38 89.16 93.23
88.00 -7.51 75.09 80.49 94.80 93.13
76.00 -19.18 72.85 79.38 97.53 92.90
74.00 -26.26 72.85 78.28 101.16 92.56
73.00 -31.15 72.85 77.29 104.54 92.18
76.00 -32.85 72.85 76.34 108.30 91.76
81.00 -32.29 72.85 75.55 112.12 91.37
90.00 -30.37 70.64 74.54 118.24 90.97
91.00 -33.06 68.46 73.42 123.40 90.58
104.00 -27.68 70.64 72.70 128.82 90.22
90.00 -34.85 70.64 72.12 127.17 89.80
95.00 -34.22 70.64 71.53 128.66 89.35
104.00 -31.22 68.46 70.78 133.22 88.98
117.00 -24.79 68.46 70.14 138.66 88.66
-87.00 -134.15 62.08 63.97 89.05 73.50
-91.00 -158.20 62.08 62.08 76.78 71.44
-88.00 -163.61 57.94 59.69 76.98 69.48
-99.00 -168.22 60.00 58.02 71.81 67.29
-94.00 -167.01 55.91 55.98 72.51 65.29
-98.00 -167.47 55.91 54.15 70.20 63.11
-105.00 -170.44 53.89 52.40 67.06 61.06
-101.00 -165.67 55.91 51.02 64.18 58.91
-102.00 -161.78 55.91 49.98 59.89 56.97
-104.00 -159.24 53.89 48.69 55.70 54.90
-109.00 -159.00 51.89 47.44 51.15 52.99
-106.00 -153.99 51.89 46.22 47.61 50.99
-102.00 -145.71 53.89 45.58 42.81 49.24
-111.00 -144.69 51.89 44.71 35.39 47.36
-113.00 -139.51 53.89 44.33 27.29 45.69
-100.00 -128.12 49.91 43.47 25.58 44.02
-95.00 -118.72 49.91 42.94 22.16 42.60
-95.00 -110.57 51.89 42.72 15.26 41.16
-75.00 -92.47 51.89 42.75 13.24 40.05
-69.00 -82.47 47.94 42.38 11.35 38.98
-60.00 -73.27 45.99 41.99 10.96 38.10
-51.00 -63.66 45.99 41.69 10.30 37.27
-47.00 -56.55 45.99 41.59 8.23 36.59
-53.00 -55.14 45.99 41.52 3.13 35.87
-58.00 -57.33 42.12 41.01 0.58 35.19
-59.00 -55.63 44.05 40.76 -2.89 34.46
-60.00 -53.39 44.05 40.61 -6.29 33.82
-59.00 -51.34 42.12 40.21 -7.80 33.15
-70.00 -56.58 40.21 39.66 -11.15 32.48
-64.00 -56.55 36.42 38.60 -8.24 31.74
-67.00 -58.86 36.42 37.72 -7.68 31.03
-92.00 -74.11 34.54 36.59 -12.58 30.07
-103.00 -83.58 34.54 35.52 -16.02 29.07
-110.00 -88.97 34.54 34.44 -18.86 27.91
-115.00 -90.40 36.42 33.76 -23.10 26.83
-116.00 -91.66 32.67 32.60 -23.82 25.63
-114.00 -89.98 32.67 31.66 -24.32 24.56
-109.00 -85.52 32.67 30.79 -24.59 23.44
-118.00 -87.45 32.67 30.14 -28.90 22.39
-121.00 -88.51 30.81 29.24 -31.51 21.24
-117.00 -83.50 32.67 28.78 -34.13 20.24
-113.00 -80.10 28.96 27.87 -33.86 19.20
-117.00 -80.14 28.96 27.18 -36.22 18.24
124.00 47.01 27.11 26.62 26.83 18.85
119.00 72.11 28.96 27.49 37.47 19.71
117.00 76.42 28.96 28.51 39.03 20.71
108.00 70.74 27.11 29.10 38.81 21.56
114.00 70.86 27.11 29.64 42.21 22.48
106.00 63.18 25.27 29.79 44.29 23.24
107.00 58.86 25.27 29.89 48.23 24.00
87.00 44.25 25.27 29.86 46.93 24.53
89.00 37.77 23.44 29.50 51.68 25.02
85.00 27.72 19.79 28.59 58.19 25.36
71.00 14.28 21.61 27.95 59.82 25.54
80.00 12.39 21.61 27.27 66.37 25.70
79.00 8.10 21.61 26.64 70.84 25.80
60.00 -5.74 21.61 26.03 69.69 25.73
60.00 -12.51 19.79 25.13 73.33 25.57
53.00 -21.93 17.98 24.04 76.55 25.31
27.00 -42.23 16.17 22.70 74.99 24.76
14.00 -53.91 19.79 21.85 71.82 24.11
1.00 -63.84 19.79 20.94 68.36 23.28
-6.00 -72.41 16.17 19.63 68.60 22.41
-15.00 -77.45 19.79 18.82 64.79 21.40
-24.00 -84.72 16.17 17.64 63.08 20.39
-42.00 -95.71 16.17 16.46 57.96 19.14
-43.00 -97.82 16.17 15.42 55.92 17.97
-45.00 -97.91 16.17 14.41 53.56 16.70
-43.00 -94.97 16.17 13.63 51.70 15.56
-46.00 -93.53 16.17 12.90 48.10 14.34
-36.00 -86.60 14.36 12.13 48.64 13.30
-32.00 -78.14 17.98 11.95 44.91 12.29
-32.00 -73.58 16.17 11.70 41.33 11.40
-18.00 -61.94 16.17 11.49 40.97 10.60
-13.00 -52.26 17.98 11.72 37.61 9.97
6.00 -38.86 14.36 11.51 40.56 9.46
23.00 -26.51 12.56 11.28 45.06 9.15
35.00 -16.62 12.56 11.18 48.19 8.93
50.00 -4.36 14.36 11.45 50.52 8.88
65.00 5.06 10.76 11.34 56.00 8.94
70.00 9.28 10.76 11.33 58.86 9.06
73.00 11.31 10.76 11.36 60.67 9.20
64.00 3.82 7.17 10.91 61.84 9.25
78.00 7.42 7.17 10.47 68.00 9.34
69.00 2.83 8.96 10.34 67.51 9.38
66.00 -1.90 7.17 9.94 68.80 9.35
56.00 -9.72 7.17 9.54 68.00 9.24
37.00 -23.99 5.37 8.84 65.42 8.93
35.00 -32.50 1.79 7.64 68.84 8.54
26.00 -40.71 3.58 6.72 68.87 8.01
18.00 -49.42 1.79 5.62 69.53 7.41
26.00 -46.03 5.37 5.04 70.80 6.81
20.00 -49.23 3.58 4.36 70.22 6.22
15.00 -52.49 3.58 3.69 68.74 5.54
21.00 -49.60 3.58 3.14 69.61 4.95
17.00 -50.35 3.58 2.64 67.98 4.29
19.00 -48.45 3.58 2.24 67.17 3.71
32.00 -39.96 3.58 1.89 69.19 3.19
40.00 -32.65 3.58 1.72 70.41 2.80
38.00 -32.15 1.79 1.36 70.10 2.38
44.00 -29.70 0.00 0.85 72.44 2.02
41.00 -30.97 0.00 0.40 72.33 1.62
43.00 -30.13 0.00 0.03 72.79 1.26
56.00 -24.21 -1.79 -0.53 77.42 0.95
42.00 -29.48 0.00 -0.73 73.82 0.59
49.00 -28.91 -3.58 -1.44 76.94 0.22
50.00 -29.24 -3.58 -2.02 78.82 -0.13
49.00 -30.45 -3.58 -2.56 79.57 -0.53
36.00 -39.21 -5.37 -3.27 77.94 -1.00
17.00 -50.49 -3.58 -3.78 72.02 -1.66
9.00 -59.19 -7.17 -4.78 70.80 -2.37
7.00 -61.48 -5.37 -5.53 69.44 -3.17
-79.00 -111.99 -12.56 -7.23 51.13 -4.51
110.00 -18.35 -3.58 -7.67 92.70 -4.73
-112.00 -115.82 -7.17 -8.06 42.71 -6.12
59.00 -48.68 -12.56 -9.67 80.10 -6.70
-16.00 -74.00 -10.76 -10.39 67.90 -7.59
23.00 -58.30 -10.76 -11.17 75.23 -8.29
-5.00 -66.30 -7.17 -11.28 65.88 -9.09
-7.00 -66.06 -7.17 -11.45 60.44 -9.88
-2.00 -60.34 -7.17 -11.57 57.59 -10.60
2.00 -51.16 -3.58 -11.19 52.18 -11.27
15.00 -38.91 -5.37 -10.94 51.00 -11.74
32.00 -21.14 -1.79 -10.12 48.99 -11.99
57.00 -2.01 -5.37 -9.68 52.94 -12.01
94.00 23.92 -5.37 -9.07 61.09 -11.73
101.00 33.56 -7.17 -8.55 64.11 -11.32
110.00 43.51 -3.58 -7.53 63.92 -10.80
69.00 23.18 -7.17 -7.09 53.84 -10.52
75.00 13.54 -17.98 -8.27 61.86 -10.35
-19.00 -39.55 -12.56 -8.83 40.24 -10.86
-3.00 -38.65 -5.37 -8.70 36.43 -11.21
-18.00 -46.77 -8.96 -9.19 32.06 -11.82
-23.00 -50.53 -8.96 -9.66 29.26 -12.42
-16.00 -45.41 -7.17 -9.86 28.31 -12.97
-13.00 -42.12 -8.96 -10.24 28.26 -13.52
-1.00 -33.99 -8.96 -10.50 30.31 -13.92
-6.00 -33.68 -8.96 -10.68 28.17 -14.36
-13.00 -34.61 -7.17 -10.57 23.18 -14.78
-9.00 -30.41 -7.17 -10.48 20.91 -15.14
-4.00 -27.45 -10.76 -10.83 22.30 -15.47
-2.00 -24.12 -8.96 -10.86 21.47 -15.76
-2.00 -22.11 -8.96 -10.86 19.98 -16.03
1.00 -18.78 -8.96 -10.86 19.13 -16.27
4.00 -15.24 -8.96 -10.80 18.48 -16.45
0.00 -14.04 -7.17 -10.48 14.72 -16.62
-6.00 -14.90 -7.17 -10.20 10.30 -16.80
-7.00 -12.36 -5.37 -9.72 5.87 -16.95
11.00 -1.11 -7.17 -9.49 8.46 -16.96
10.00 3.42 -5.37 -8.96 6.04 -16.92
8.00 5.34 -5.37 -8.46 2.97 -16.86
17.00 12.22 -5.37 -7.98 2.97 -16.70
14.00 9.36 -10.76 -8.22 4.89 -16.59
16.00 10.99 -7.17 -7.97 4.64 -16.44
17.00 12.22 -7.17 -7.75 4.49 -16.30
18.00 11.84 -8.96 -7.77 5.89 -16.14
16.00 9.91 -8.96 -7.81 6.45 -16.02
14.00 9.07 -7.17 -7.62 5.43 -15.92
14.00 9.07 -7.17 -7.47 5.03 -15.81
5.00 4.43 -7.17 -7.34 2.48 -15.75
10.00 6.15 -7.17 -7.27 3.21 -15.68
6.00 4.40 -7.17 -7.19 2.30 -15.62
8.00 5.06 -7.17 -7.14 2.67 -15.56
-1.00 1.77 -5.37 -6.86 -0.95 -15.53
4.00 1.82 -8.96 -7.12 1.51 -15.51
-1.00 -0.52 -7.17 -7.11 0.42 -15.52
-1.00 -2.40 -8.96 -7.36 1.59 -15.55
-6.00 -4.95 -7.17 -7.37 0.04 -15.61
-7.00 -5.85 -7.17 -7.40 -0.72 -15.68
-6.00 -5.32 -7.17 -7.43 -0.80 -15.75
7.00 3.20 -5.37 -7.19 1.07 -15.71
3.00 2.52 -7.17 -7.16 0.74 -15.68
4.00 4.24 -5.37 -6.89 -0.39 -15.63
-2.00 0.91 -7.17 -6.89 -1.69 -15.62
6.00 4.26 -7.17 -6.91 0.32 -15.57
4.00 3.71 -7.17 -6.89 0.41 -15.52
4.00 0.68 -10.76 -7.37 3.34 -15.51
9.00 2.08 -8.96 -7.57 5.88 -15.48
7.00 0.50 -8.96 -7.73 6.70 -15.48
2.00 -1.81 -7.17 -7.66 4.89 -15.50
-3.00 -5.98 -8.96 -7.86 4.25 -15.57
-5.00 -7.11 -7.17 -7.84 2.79 -15.67
-14.00 -11.63 -7.17 -7.84 -0.35 -15.80
-4.00 -6.80 -7.17 -7.87 1.14 -15.89
5.00 0.76 -5.37 -7.59 2.02 -15.88
-1.00 -0.91 -7.17 -7.53 0.70 -15.90
1.00 1.37 -5.37 -7.25 -0.62 -15.88
-1.00 0.50 -7.17 -7.23 -1.14 -15.87
-5.00 -1.75 -7.17 -7.22 -2.34 -15.89
2.00 1.51 -7.17 -7.22 -0.78 -15.87
-1.00 -0.73 -8.96 -7.44 0.09 -15.88
-2.00 -1.23 -7.17 -7.42 -0.49 -15.90
5.00 -0.22 -10.76 -7.86 3.82 -15.90
7.00 0.73 -8.96 -8.01 5.56 -15.89
4.00 -1.20 -8.96 -8.13 5.68 -15.91
-1.00 -3.33 -7.17 -8.02 3.48 -15.95
5.00 -2.83 -10.76 -8.41 6.81 -15.98
3.00 -2.36 -7.17 -8.28 5.57 -16.01
5.00 -0.55 -7.17 -8.15 5.18 -16.02
6.00 -0.44 -8.96 -8.27 6.15 -16.03
2.00 -0.19 -5.37 -7.89 2.97 -16.03
-4.00 -3.20 -7.17 -7.81 0.62 -16.07
-8.00 -4.17 -5.37 -7.52 -2.69 -16.12
-11.00 -4.67 -5.37 -7.29 -5.47 -16.18
6.00 3.96 -7.17 -7.30 -1.32 -16.13
6.00 5.79 -7.17 -7.23 -0.49 -16.06
5.00 5.63 -7.17 -7.16 -0.57 -15.99
1.00 2.07 -8.96 -7.35 -0.22 -15.96
-3.00 -0.36 -7.17 -7.31 -1.62 -15.97
-3.00 -2.16 -8.96 -7.53 -0.64 -16.00
-5.00 -4.38 -8.96 -7.75 -0.16 -16.05
8.00 1.33 -8.96 -7.94 4.05 -16.03
3.00 0.66 -7.17 -7.83 2.84 -16.02
1.00 -2.90 -10.76 -8.22 4.41 -16.06
11.00 1.55 -8.96 -8.33 7.47 -16.04
7.00 1.36 -7.17 -8.16 6.06 -16.03
2.00 -0.74 -7.17 -8.02 3.88 -16.03
-6.00 -4.89 -7.17 -7.93 0.79 -16.10
-3.00 -3.69 -7.17 -7.88 0.46 -16.14
4.00 2.06 -5.37 -7.57 0.43 -16.12
-1.00 -2.21 -10.76 -7.98 1.94 -16.14
-1.00 -1.95 -7.17 -7.90 1.10 -16.17
0.00 -2.29 -8.96 -8.06 2.12 -16.20
-10.00 -10.87 -12.56 -8.70 2.91 -16.34
-3.00 -5.64 -5.37 -8.36 1.61 -16.40
-4.00 -7.39 -10.76 -8.75 3.38 -16.50
-5.00 -8.01 -8.96 -8.85 3.22 -16.60
0.00 -4.12 -7.17 -8.71 3.12 -16.65
-8.00 -6.59 -7.17 -8.56 0.06 -16.73
-1.00 -2.55 -7.17 -8.44 0.40 -16.76
-3.00 -2.01 -7.17 -8.30 -0.81 -16.79
-6.00 -2.80 -7.17 -8.17 -2.54 -16.82
-8.00 -3.41 -7.17 -8.07 -4.03 -16.86
-7.00 -2.45 -7.17 -7.99 -4.64 -16.90
-5.00 -0.71 -7.17 -7.90 -4.73 -16.90
-7.00 -0.96 -7.17 -7.81 -5.71 -16.92
4.00 5.15 -7.17 -7.72 -3.38 -16.85
6.00 7.75 -7.17 -7.58 -2.63 -16.75
5.00 6.57 -8.96 -7.69 -1.55 -16.67
8.00 7.10 -8.96 -7.78 0.28 -16.58
10.00 7.52 -8.96 -7.86 1.93 -16.49
8.00 5.84 -8.96 -7.92 2.46 -16.42
0.00 1.99 -7.17 -7.77 -0.26 -16.39
9.00 4.89 -8.96 -7.90 2.59 -16.33
8.00 7.03 -5.37 -7.51 0.86 -16.24
-10.00 -3.55 -8.96 -7.65 -2.71 -16.29
0.00 1.51 -5.37 -7.38 -2.81 -16.27
-3.00 -0.61 -8.96 -7.58 -2.04 -16.28
4.00 3.20 -7.17 -7.52 -0.59 -16.24
1.00 1.22 -8.96 -7.68 0.11 -16.23
-11.00 -4.89 -7.17 -7.61 -3.54 -16.29
-23.00 -10.79 -5.37 -7.39 -9.16 -16.43
-25.00 -11.82 -5.37 -7.24 -12.13 -16.57
-22.00 -10.62 -7.17 -7.36 -11.78 -16.71
-36.00 -18.89 -8.96 -7.70 -14.28 -16.93
-30.00 -19.37 -10.76 -8.32 -11.30 -17.18
-34.00 -20.07 -7.17 -8.37 -13.23 -17.42
-28.00 -18.90 -10.76 -8.91 -10.21 -17.67
-22.00 -13.67 -7.17 -8.87 -9.82 -17.83
-21.00 -10.93 -7.17 -8.79 -10.59 -17.98
-18.00 -7.75 -7.17 -8.68 -10.98 -18.07
-13.00 -4.87 -8.96 -8.80 -9.32 -18.13
-16.00 -3.18 -5.37 -8.40 -12.44 -18.17
-14.00 0.01 -5.37 -8.02 -14.34 -18.17
-16.00 -0.21 -7.17 -7.91 -15.44 -18.17
-6.00 5.43 -7.17 -7.80 -13.45 -18.10
-11.00 4.29 -7.17 -7.66 -14.67 -18.05
-11.00 5.67 -5.37 -7.31 -16.54 -17.98
-12.00 5.13 -7.17 -7.23 -16.89 -17.92
-2.00 10.27 -7.17 -7.15 -14.30 -17.78
-9.00 7.55 -7.17 -7.05 -15.52 -17.69
-34.00 -4.93 -5.37 -6.78 -23.63 -17.76
-23.00 -3.61 -8.96 -7.12 -20.55 -17.80
-23.00 -5.74 -10.76 -7.64 -17.50 -17.87
-41.00 -16.03 -8.96 -7.90 -21.27 -18.07
-16.00 -5.48 -8.96 -8.19 -14.97 -18.14
-26.00 -11.66 -12.56 -8.84 -13.18 -18.28
-52.00 -25.92 -8.96 -9.03 -20.41 -18.61
-70.00 -38.08 -8.96 -9.32 -26.98 -19.07
-90.00 -50.55 -8.96 -9.74 -34.25 -19.73
-108.00 -58.98 -5.37 -9.72 -44.17 -20.44
-78.00 -41.85 -5.37 -9.76 -41.39 -20.98
-107.00 -53.36 -8.96 -10.13 -48.68 -21.62
-116.00 -56.54 -5.37 -10.11 -56.53 -22.36
-63.00 -28.82 -8.96 -10.48 -44.63 -22.70
-91.00 -35.24 -7.17 -10.38 -52.10 -23.16
-95.00 -35.14 -5.37 -10.09 -58.25 -23.58
-65.00 -17.63 -7.17 -10.06 -53.29 -23.81
-83.00 -18.91 -3.58 -9.40 -61.56 -24.04
-104.00 -29.39 -7.17 -9.35 -69.69 -24.42
-98.00 -25.54 -5.37 -9.12 -72.68 -24.73
-123.00 -34.09 -3.58 -8.71 -83.73 -25.17
123.00 94.05 -7.17 -8.52 -21.31 -24.04
114.00 115.84 -7.17 -7.21 -10.45 -22.53
87.00 106.51 -5.37 -5.79 -15.67 -21.26
53.00 84.50 -7.17 -4.83 -23.61 -20.16
38.00 72.64 -3.58 -3.82 -29.86 -19.29
28.00 62.96 -5.37 -3.23 -31.88 -18.47
1.00 46.30 -3.58 -2.66 -39.03 -17.91
-11.00 34.16 -5.37 -2.53 -41.35 -17.47
-12.00 31.89 -1.79 -2.09 -42.88 -17.09
-27.00 23.38 -1.79 -1.71 -47.04 -16.78
-21.00 25.86 0.00 -1.24 -47.42 -16.47
-28.00 21.79 -1.79 -1.03 -48.45 -16.19
-24.00 23.77 0.00 -0.66 -48.33 -15.90
-37.00 18.86 1.79 -0.08 -53.26 -15.66
-40.00 17.17 1.79 0.35 -56.00 -15.45
-36.00 20.95 3.58 0.98 -57.53 -15.18
-36.00 23.04 3.58 1.55 -59.16 -14.90
-35.00 22.22 0.00 1.60 -57.45 -14.61
-26.00 28.37 3.58 2.11 -56.30 -14.27
-9.00 40.54 5.37 2.89 -53.48 -13.75
0.00 50.22 7.17 3.90 -52.92 -13.14
4.00 54.37 5.37 4.67 -51.76 -12.44
21.00 65.44 7.17 5.60 -48.28 -11.65
9.00 60.33 5.37 6.29 -49.62 -10.87
8.00 59.02 7.17 7.03 -50.45 -10.16
5.00 56.66 7.17 7.71 -50.92 -9.42
14.00 60.08 7.17 8.24 -47.80 -8.70
6.00 55.36 7.17 8.76 -48.06 -7.98
-11.00 42.66 5.37 8.86 -49.84 -7.47
-18.00 35.25 7.17 9.10 -51.00 -7.01
-38.00 20.40 5.37 8.94 -53.76 -6.77
-56.00 4.20 3.58 8.42 -55.49 -6.71
-68.00 -4.21 8.96 8.51 -60.30 -6.76
-80.00 -11.97 8.96 8.50 -64.79 -6.92
-93.00 -20.05 8.96 8.41 -69.56 -7.16
-111.00 -29.31 10.76 8.47 -77.22 -7.54
127.00 95.52 10.76 8.80 -17.25 -6.39
113.00 115.76 12.56 10.34 -10.01 -5.00
78.00 101.71 12.56 11.90 -17.92 -3.68
73.00 95.53 12.56 13.12 -20.28 -2.44
65.00 88.84 12.56 14.02 -21.70 -1.37
60.00 85.85 16.17 15.30 -24.35 -0.26
65.00 87.57 16.17 16.31 -23.30 0.79
54.00 81.19 16.17 17.26 -25.05 1.85
48.00 76.71 17.98 18.19 -27.01 2.77
28.00 63.00 16.17 18.75 -30.47 3.59
24.00 60.11 21.61 19.78 -34.33 4.31
29.00 61.22 19.79 20.46 -32.89 5.10
17.00 54.20 19.79 20.99 -34.84 5.75
7.00 49.03 23.44 21.91 -39.44 6.39
-13.00 36.48 21.61 22.35 -44.76 6.83
-7.00 37.62 23.44 22.91 -44.89 7.32
-16.00 34.48 25.27 23.60 -48.66 7.73
-8.00 38.66 25.27 24.22 -47.95 8.24
-28.00 30.66 27.11 24.98 -54.75 8.60
-30.00 27.46 25.27 25.36 -56.23 8.96
-37.00 24.21 27.11 25.86 -59.49 9.25
-47.00 18.76 27.11 26.29 -63.31 9.49
-45.00 21.79 30.81 27.08 -66.69 9.76
-44.00 26.31 32.67 28.08 -70.49 10.10
-31.00 36.48 32.67 28.98 -70.23 10.54
-32.00 39.86 32.67 29.89 -72.21 11.05
-29.00 44.79 34.54 30.93 -74.49 11.59
-49.00 36.95 34.54 31.88 -81.92 12.07
-57.00 33.73 36.42 32.85 -88.21 12.48
-51.00 39.39 38.31 33.97 -91.11 12.99
-54.00 44.02 42.12 35.46 -97.53 13.52
-50.00 50.52 42.12 36.85 -101.24 14.17
-45.00 55.61 40.21 37.83 -101.81 14.84
-29.00 67.38 42.12 39.06 -99.96 15.72
-24.00 75.06 44.05 40.44 -100.85 16.62
-18.00 82.65 45.99 42.04 -102.27 17.69
2.00 96.27 45.99 43.45 -98.77 18.85
8.00 104.26 47.94 45.15 -98.45 20.20
12.00 107.20 45.99 46.36 -96.49 21.49
10.00 105.48 45.99 47.51 -95.34 22.86
8.00 102.24 45.99 48.40 -93.79 24.09
13.00 101.77 45.99 49.24 -89.73 25.41
10.00 98.79 47.94 50.12 -88.36 26.60
10.00 98.93 51.89 51.47 -88.84 27.88
-5.00 87.42 47.94 52.01 -89.27 28.93
-7.00 83.75 51.89 52.97 -89.68 30.02
-30.00 69.51 51.89 53.66 -94.49 30.85
-33.00 63.25 51.89 54.20 -94.58 31.68
-47.00 55.73 55.91 55.06 -99.46 32.34
-59.00 46.25 53.89 55.51 -102.07 32.95
-49.00 54.40 62.08 56.87 -104.82 33.60
-45.00 57.53 57.94 57.64 -103.65 34.35
-51.00 54.67 57.94 58.27 -104.66 35.00
-59.00 50.71 60.00 59.10 -107.83 35.66
-68.00 46.78 62.08 60.01 -112.51 36.22
-68.00 45.11 60.00 60.53 -112.64 36.81
-77.00 42.49 64.18 61.47 -117.51 37.32
-77.00 44.71 66.31 62.60 -121.29 37.90
-73.00 49.00 66.31 63.56 -122.75 38.49
-77.00 50.54 68.46 64.76 -126.86 39.15
-75.00 51.95 66.31 65.49 -127.22 39.77
-87.00 47.52 68.46 66.46 -132.07 40.39
-98.00 41.53 68.46 67.20 -136.72 40.89
-91.00 42.64 66.31 67.55 -134.52 41.44
-87.00 45.51 68.46 68.12 -133.52 41.99
-96.00 46.17 75.09 69.56 -140.49 42.59
-97.00 48.54 75.09 70.77 -144.98 43.17
-89.00 57.00 77.36 72.21 -147.54 43.91
-79.00 66.47 77.36 73.50 -147.87 44.71
-79.00 70.02 77.36 74.77 -149.51 45.62
-74.00 72.51 75.09 75.55 -147.66 46.49
-77.00 75.76 82.03 77.23 -152.37 47.47
-63.00 84.08 79.68 78.36 -149.92 48.48
-59.00 91.47 84.42 80.13 -151.89 49.67
-50.00 99.37 84.42 81.67 -151.54 50.86
-44.00 104.79 84.42 83.17 -150.49 52.23
-38.00 110.69 86.87 84.76 -150.29 53.55
-44.00 108.89 86.87 86.28 -151.97 54.97
-34.00 113.11 86.87 87.51 -149.01 56.33
-33.00 111.16 84.42 88.37 -144.77 57.77
-20.00 114.31 84.42 89.02 -137.16 59.14
-11.00 119.66 89.36 90.37 -133.14 60.70
-13.00 118.05 89.36 91.48 -131.16 62.12
5.00 128.71 94.51 93.24 -127.49 63.79
19.00 139.88 97.18 95.13 -124.58 65.47
16.00 136.40 91.90 96.28 -120.55 67.24
32.00 140.33 91.90 97.14 -111.71 68.92
45.00 145.55 94.51 98.39 -103.97 70.82
52.00 146.76 94.51 99.40 -96.94 72.58
62.00 152.11 99.93 101.14 -92.66 74.56
61.00 150.61 99.93 102.57 -89.94 76.36
63.00 148.33 99.93 103.91 -85.82 78.29
64.00 144.74 99.93 104.93 -81.06 80.03
70.00 144.96 102.75 106.28 -76.29 81.91
77.00 145.35 102.75 107.33 -70.09 83.66
72.00 138.70 102.75 108.35 -66.03 85.46
94.00 144.41 102.75 109.07 -54.87 87.19
92.00 141.67 105.67 110.25 -50.19 89.03
101.00 139.69 102.75 110.74 -40.70 90.71
121.00 143.78 102.75 111.28 -27.39 92.58
-122.00 10.62 102.75 111.30 -82.88 92.71
-106.00 -9.23 108.68 111.02 -89.73 92.59
-86.00 -6.39 105.67 110.23 -82.32 92.51
-85.00 -7.86 105.67 109.55 -77.92 92.41
-77.00 -3.83 108.68 109.37 -75.00 92.36
-58.00 9.03 111.81 109.68 -71.37 92.48
-50.00 14.68 108.68 109.66 -67.26 92.66
-30.00 30.54 115.08 110.58 -65.25 93.05
-8.00 42.86 108.68 110.69 -56.44 93.57
-13.00 43.60 111.81 111.32 -56.72 94.13
0.00 50.48 111.81 111.86 -53.22 94.74
-2.00 52.82 115.08 112.86 -54.97 95.43
12.00 58.99 111.81 113.29 -49.94 96.13
14.00 59.88 111.81 113.76 -46.92 96.91
17.00 59.98 111.81 114.13 -43.83 97.63
11.00 54.91 111.81 114.49 -42.84 98.35
3.00 47.60 111.81 114.69 -42.72 98.92
6.00 48.01 115.08 115.28 -42.24 99.54
3.00 41.11 108.68 114.90 -37.54 100.03
-6.00 35.80 115.08 115.37 -39.81 100.50
2.00 38.41 115.08 115.71 -37.66 100.96
11.00 40.45 111.81 115.64 -31.59 101.49
17.00 46.53 118.49 116.45 -31.23 102.05
14.00 44.33 115.08 116.79 -30.06 102.62
16.00 46.13 118.49 117.48 -30.49 103.18
17.00 47.16 118.49 118.14 -30.45 103.79
13.00 42.46 115.08 118.22 -28.68 104.30
4.00 37.11 118.49 118.72 -31.07 104.78
3.00 35.00 118.49 119.07 -31.37 105.20
0.00 29.70 115.08 118.92 -28.95 105.59
-2.00 33.28 125.90 120.16 -34.70 105.99
-2.00 31.37 118.49 120.31 -33.25 106.39
-9.00 34.69 129.98 121.91 -42.19 106.81
2.00 36.73 118.49 121.86 -36.72 107.29
14.00 43.93 122.09 122.29 -32.85 107.81
19.00 47.50 122.09 122.77 -30.16 108.43
21.00 48.48 122.09 123.18 -28.24 109.01
40.00 60.47 125.90 124.12 -24.59 109.80
30.00 52.55 118.49 123.99 -21.34 110.43
42.00 56.25 122.09 124.35 -16.51 111.16
27.00 50.22 125.90 125.12 -20.56 111.76
23.00 46.82 125.90 125.78 -22.42 112.37
34.00 51.54 125.90 126.30 -19.54 112.99
35.00 52.31 125.90 126.83 -17.94 113.67
39.00 50.67 122.09 126.75 -12.64 114.28
37.00 48.98 125.90 127.21 -11.77 114.92
31.00 41.38 122.09 127.03 -9.09 115.41
25.00 36.28 125.90 127.33 -9.76 115.88
22.00 29.60 122.09 127.00 -6.66 116.24
15.00 24.29 125.90 127.18 -7.64 116.56
8.00 15.66 122.09 126.74 -5.86 116.74
9.00 14.44 125.90 126.81 -5.27 116.93
-2.00 10.85 129.98 127.36 -10.51 117.06
-10.00 7.31 129.98 127.82 -15.15 117.16
-15.00 5.12 129.98 128.17 -18.62 117.22
17.00 25.86 134.40 129.11 -15.22 117.55
51.00 47.51 129.98 129.55 -4.94 118.12
13.00 35.19 134.40 130.69 -16.01 118.58
38.00 44.23 129.98 130.99 -10.16 119.11
43.00 51.09 134.40 131.96 -9.95 119.78
39.00 48.00 129.98 132.22 -8.56 120.35
38.00 45.06 129.98 132.46 -6.76 120.94
30.00 41.76 134.40 133.18 -10.02 121.44
21.00 33.26 129.98 133.21 -10.03 121.87
27.00 32.49 129.98 133.13 -6.28 122.26
22.00 30.93 134.40 133.66 -8.05 122.66
30.00 38.65 139.27 134.74 -10.13 123.13
31.00 35.95 129.98 134.54 -5.47 123.59
28.00 30.86 129.98 134.30 -2.35 123.97
32.00 29.09 129.98 134.08 2.17 124.34
33.00 29.99 134.40 134.43 2.65 124.70
39.00 33.02 134.40 134.77 4.66 125.13
44.00 39.46 139.27 135.72 3.23 125.61
45.00 42.99 139.27 136.65 1.53 126.16
50.00 43.78 134.40 136.80 5.07 126.69
47.00 40.54 134.40 136.97 6.84 127.22
48.00 38.55 134.40 137.05 9.32 127.68
61.00 50.97 144.78 138.54 7.30 128.34
71.00 61.93 144.78 139.92 6.42 129.09
64.00 54.82 134.40 139.87 10.08 129.80
66.00 54.45 139.27 140.36 11.32 130.45
65.00 52.67 139.27 140.83 12.49 131.14
61.00 45.13 134.40 140.52 16.73 131.68
62.00 40.09 134.40 140.21 21.87 132.20
60.00 34.29 134.40 139.85 26.11 132.61
58.00 36.44 144.78 140.89 22.06 133.08
53.00 36.16 144.78 141.78 17.99 133.52
35.00 28.02 144.78 142.56 10.98 133.88
40.00 29.97 144.78 143.15 9.82 134.24
49.00 40.72 151.28 144.58 6.37 134.77
56.00 45.18 144.78 145.05 8.96 135.31
64.00 45.51 139.27 144.80 16.42 135.91
73.00 50.90 144.78 145.28 19.79 136.52
83.00 56.48 144.78 145.81 23.95 137.25
89.00 55.51 139.27 145.54 31.69 137.92
86.00 53.75 144.78 146.06 32.50 138.61
91.00 54.78 144.78 146.45 35.22 139.27
95.00 60.55 151.28 147.72 33.42 140.06
102.00 57.81 139.27 147.24 42.50 140.75
120.00 65.71 144.78 147.59 50.18 141.61
103.00 56.20 144.78 147.88 49.49 142.28
102.00 51.33 144.78 148.09 51.43 142.95
108.00 51.10 144.78 148.19 55.80 143.56
111.00 50.14 144.78 148.32 60.00 144.21
111.00 47.45 144.78 148.37 63.37 144.78
110.00 43.80 144.78 148.42 66.36 145.35
121.00 46.34 144.78 148.41 72.40 145.91
121.00 49.26 151.28 149.32 71.27 146.55
123.00 51.60 151.28 150.09 70.89 147.17
-114.00 -72.38 151.28 150.48 7.74 146.23
-100.00 -89.71 151.28 149.78 -2.91 145.15
-79.00 -85.48 144.78 148.12 3.63 144.04
-67.00 -74.50 151.28 147.67 4.41 143.15
-62.00 -71.72 144.78 146.46 8.02 142.21
-67.00 -69.15 151.28 146.35 2.84 141.38
-70.00 -66.65 151.28 146.22 -2.57 140.52
-63.00 -63.87 144.78 145.35 -0.43 139.75
-59.00 -55.92 151.28 145.43 -4.17 139.02
-38.00 -44.29 144.78 144.79 1.68 138.49
-29.00 -31.74 151.28 145.18 -0.09 138.08
-31.00 -31.32 144.78 144.80 0.15 137.70
-23.00 -26.73 144.78 144.45 2.03 137.36
-40.00 -29.35 151.28 145.06 -7.44 137.00
-37.00 -29.39 144.78 144.69 -7.57 136.62
-44.00 -27.83 151.28 145.25 -14.69 136.29
-42.00 -22.68 151.28 145.75 -19.42 135.99
-50.00 -22.43 151.28 146.23 -25.91 135.72
-49.00 -18.71 151.28 146.66 -30.15 135.48
-47.00 -23.16 139.27 145.48 -24.23 135.20
-58.00 -29.05 144.78 145.11 -26.74 134.83
-72.00 -32.63 151.28 145.61 -35.98 134.43
-86.00 -46.29 139.27 144.36 -36.09 133.83
-94.00 -46.73 151.28 144.79 -44.83 133.27
-93.00 -42.07 151.28 145.13 -50.62 132.72
-86.00 -27.09 159.72 146.64 -60.28 132.40
-95.00 -27.30 151.28 146.94 -66.11 132.04
-99.00 -31.64 144.78 146.36 -66.20 131.66
-103.00 -30.29 151.28 146.66 -71.62 131.27
-106.00 -28.65 151.28 146.95 -76.49 130.93
-105.00 -24.99 151.28 147.21 -80.03 130.60
-83.00 -10.09 151.28 147.52 -77.50 130.48
-69.00 9.09 159.72 149.06 -81.95 130.60
-68.00 19.65 159.72 150.58 -88.65 130.84
-47.00 37.99 159.72 152.06 -89.57 131.33
-36.00 45.25 151.28 152.37 -84.50 131.87
-24.00 51.99 151.28 152.76 -79.17 132.55
3.00 66.26 151.28 153.14 -69.57 133.34
11.00 66.74 144.78 152.79 -58.74 134.21
7.00 64.46 151.28 153.28 -57.25 134.98
8.00 57.74 144.78 152.87 -49.92 135.73
7.00 55.58 151.28 153.26 -48.41 136.40
5.00 52.37 151.28 153.62 -46.92 137.08
11.00 53.04 151.28 153.86 -43.20 137.72
12.00 46.72 144.78 153.24 -35.18 138.33
13.00 45.57 151.28 153.47 -32.88 138.87
8.00 40.98 151.28 153.68 -32.00 139.41
15.00 37.01 144.78 152.93 -23.28 139.85
7.00 31.84 151.28 153.12 -23.44 140.26
7.00 29.42 151.28 153.20 -22.13 140.62
21.00 34.86 151.28 153.30 -16.73 141.07
34.00 41.36 151.28 153.41 -10.67 141.57
36.00 37.15 144.78 152.73 -2.27 142.05
38.00 37.35 151.28 152.93 -0.01 142.50
51.00 49.34 159.72 154.28 -1.18 143.14
57.00 73.06 180.00 158.23 -17.87 144.02
76.00 73.02 144.78 157.28 -1.38 144.97
72.00 67.99 151.28 157.24 3.93 145.78
90.00 94.19 180.00 161.08 -7.93 147.01
110.00 98.38 151.28 160.79 6.65 148.19
114.00 94.87 151.28 160.64 17.25 149.42
121.00 91.57 151.28 160.39 27.56 150.52
127.00 94.29 159.72 161.34 31.07 151.74
-125.00 -39.48 159.72 161.76 -33.27 151.27
-112.00 -72.69 144.78 158.98 -31.15 150.33
-110.00 -81.12 151.28 157.19 -27.61 149.35
-99.00 -73.27 159.72 156.63 -27.75 148.40
-107.00 -73.40 159.72 156.27 -32.34 147.52
-104.00 -80.53 144.78 153.91 -23.85 146.47
-101.00 -80.01 151.28 152.73 -21.69 145.51
-97.00 -77.85 151.28 151.64 -20.13 144.50
-84.00 -48.26 180.00 154.62 -38.62 143.92
-57.00 -34.62 151.28 153.67 -28.62 143.47
-38.00 -27.78 144.78 152.17 -15.49 143.14
-19.00 -15.42 151.28 151.77 -8.65 142.94
3.00 -6.35 144.78 150.72 3.69 142.86
-4.00 -11.53 144.78 149.85 7.80 142.71
3.00 -11.74 144.78 149.06 13.32 142.57
6.00 -12.57 144.78 148.36 17.65 142.41
16.00 -13.61 139.27 147.04 27.32 142.24
25.00 -9.27 144.78 146.60 31.91 142.12
48.00 2.77 144.78 146.30 39.93 142.16
54.00 3.32 139.27 145.41 48.31 142.20
57.00 -2.24 134.40 143.98 58.10 142.17
57.00 -5.21 139.27 143.33 61.97 142.10
44.00 -10.78 144.78 143.45 57.44 141.97
47.00 -17.40 134.40 142.12 64.31 141.75
54.00 -15.67 139.27 141.57 68.19 141.56
71.00 -7.55 139.27 141.11 74.69 141.46
67.00 -12.65 134.40 140.14 79.67 141.31
75.00 -12.71 134.40 139.24 86.03 141.15
109.00 6.19 139.27 139.17 95.36 141.22
119.00 15.39 139.27 139.28 99.97 141.42
124.00 16.09 134.40 138.80 106.10 141.61
-118.00 -113.73 134.40 138.03 45.86 140.13
-106.00 -131.81 139.27 136.96 33.77 138.55
-104.00 -135.59 134.40 135.13 32.83 136.79
-95.00 -134.18 129.98 133.04 37.55 135.18
-76.00 -120.96 134.40 131.74 40.66 133.61
-66.00 -113.68 129.98 130.27 44.69 132.24
-57.00 -109.58 125.90 128.43 50.07 130.82
-51.00 -99.57 134.40 128.09 46.81 129.62
-48.00 -91.26 134.40 127.82 42.28 128.44
-79.00 -104.58 129.98 127.12 31.85 127.18
-101.00 -119.33 125.90 125.74 24.23 125.63
-115.00 -128.59 125.90 124.49 17.74 124.09
-120.00 -133.96 122.09 122.71 15.87 122.35
-106.00 -126.84 122.09 121.25 18.32 120.82
-120.00 -128.07 125.90 120.42 10.47 119.16
-126.00 -127.16 125.90 119.81 2.93 117.63
-117.00 -120.36 122.09 118.69 1.85 116.07
-102.00 -105.11 125.90 118.42 -0.32 114.81
-97.00 -90.81 129.98 118.80 -7.93 113.63
-68.00 -68.42 125.90 118.84 -5.98 112.81
-65.00 -60.32 122.09 118.52 -6.64 112.02
-60.00 -56.13 118.49 117.90 -5.32 111.35
-34.00 -40.69 118.49 117.39 0.96 110.82
-40.00 -36.89 122.09 117.59 -3.05 110.38
-48.00 -40.07 118.49 117.28 -6.24 109.86
-64.00 -50.68 115.08 116.55 -9.63 109.25
-69.00 -55.87 115.08 115.77 -11.31 108.52
-67.00 -55.79 115.08 115.09 -11.25 107.85
-67.00 -55.23 115.08 114.46 -11.78 107.13
-77.00 -61.99 111.81 113.52 -12.92 106.39
-70.00 -62.49 108.68 112.18 -8.55 105.58
-57.00 -54.82 111.81 111.50 -5.11 104.92
-63.00 -58.04 108.68 110.51 -4.32 104.16
-65.00 -62.58 105.67 109.25 -1.88 103.41
-55.00 -61.95 102.75 107.69 4.96 102.61
-67.00 -68.19 105.67 106.76 3.28 101.79
-70.00 -71.03 105.67 105.84 2.09 100.87
-71.00 -71.60 105.67 105.08 1.03 100.01
-77.00 -78.20 99.93 103.57 2.54 98.99
-73.00 -76.71 102.75 102.65 3.16 98.07
-82.00 -78.09 105.67 102.18 -2.14 97.06
-127.00 -94.67 111.81 102.58 -22.56 95.92
106.00 28.31 108.68 102.67 31.11 96.29
86.00 42.10 102.75 103.01 38.35 96.79
106.00 54.92 102.75 103.49 45.75 97.51
95.00 50.88 102.75 103.95 45.30 98.12
86.00 41.95 99.93 103.97 46.17 98.66
69.00 28.44 99.93 103.84 44.54 99.00
79.00 32.72 105.67 104.42 45.03 99.43
90.00 33.37 97.18 103.81 54.06 99.83
97.00 33.01 97.18 103.31 61.98 100.26
99.00 32.25 99.93 103.21 65.91 100.65
107.00 34.07 99.93 103.15 71.08 101.09
122.00 36.06 94.51 102.38 82.41 101.52
-124.00 -97.81 94.51 101.37 24.40 100.25
-113.00 -118.84 99.93 100.10 14.10 98.82
-94.00 -112.15 99.93 98.76 15.91 97.37
-71.00 -101.08 94.51 97.06 24.81 96.15
-66.00 -98.61 91.90 95.25 30.46 94.87
-47.00 -89.13 91.90 93.81 37.71 93.80
-27.00 -74.87 94.51 92.93 42.78 92.83
-15.00 -65.98 91.90 92.04 47.41 92.04
-10.00 -62.87 89.36 90.95 51.08 91.22
5.00 -56.57 86.87 89.78 58.06 90.54
-11.00 -68.49 82.03 88.09 60.09 89.65
0.00 -66.23 84.42 86.90 64.47 88.86
-2.00 -67.59 84.42 85.82 65.63 87.98
-10.00 -72.26 84.42 84.92 63.94 87.11
-11.00 -75.16 82.03 83.72 64.72 86.13
-10.00 -77.31 79.68 82.40 67.21 85.20
-15.00 -79.40 82.03 81.47 65.43 84.17
-20.00 -83.21 79.68 80.40 64.47 83.17
-30.00 -90.62 77.36 79.04 62.96 82.00
-29.00 -90.02 79.68 78.18 61.30 80.92
-32.00 -89.71 79.68 77.36 58.39 79.75
-35.00 -89.07 79.68 76.73 54.84 78.68
-32.00 -86.53 77.36 75.81 54.07 77.56
-25.00 -82.37 75.09 74.83 55.81 76.57
-29.00 -82.64 75.09 73.93 54.15 75.49
-31.00 -82.33 75.09 73.22 51.86 74.51
-29.00 -82.71 70.64 71.95 53.40 73.43
-17.00 -73.10 75.09 71.53 53.54 72.55
-3.00 -60.95 75.09 71.20 54.50 71.76
10.00 -50.50 72.85 70.81 57.07 71.15
21.00 -42.54 70.64 70.24 60.53 70.60
47.00 -26.59 70.64 69.89 67.54 70.28
48.00 -22.05 70.64 69.70 68.58 70.00
59.00 -16.24 68.46 69.33 72.63 69.80
70.00 -12.85 64.18 68.47 80.00 69.63
74.00 -10.78 66.31 68.06 83.34 69.50
70.00 -14.98 64.18 67.42 85.51 69.31
55.00 -25.47 64.18 66.81 83.71 69.00
56.00 -31.59 60.00 65.61 88.05 68.59
49.00 -39.48 60.00 64.52 90.03 68.12
51.00 -42.31 60.00 63.47 93.21 67.57
44.00 -51.29 55.91 62.02 96.72 66.95
31.00 -61.48 57.94 60.87 95.49 66.15
15.00 -76.22 53.89 59.28 95.18 65.24
5.00 -86.92 53.89 57.68 94.82 64.11
-3.00 -96.26 51.89 55.99 95.53 62.96
-9.00 -101.25 53.89 54.61 93.98 61.64
-26.00 -112.24 51.89 53.17 90.15 60.29
-30.00 -117.78 49.91 51.46 89.43 58.76
-43.00 -125.59 49.91 50.00 85.64 57.25
-42.00 -125.50 49.91 48.57 83.93 55.62
-50.00 -127.78 49.91 47.43 79.54 54.09
-50.00 -125.55 49.91 46.32 75.93 52.46
-53.00 -123.46 49.91 45.49 71.17 50.98
-60.00 -122.92 49.91 44.68 64.54 49.38
-56.00 -116.58 49.91 44.10 60.09 47.98
-47.00 -108.99 45.99 43.05 60.02 46.56
-37.00 -99.48 45.99 42.32 59.98 45.37
-31.00 -92.71 44.05 41.45 59.94 44.16
-31.00 -88.96 44.05 40.83 57.59 43.09
-23.00 -84.15 40.21 39.76 59.41 42.00
-26.00 -82.25 42.12 39.20 56.52 41.01
-24.00 -79.75 40.21 38.41 55.39 39.98
-8.00 -69.05 40.21 37.84 57.64 39.15
-5.00 -63.19 40.21 37.39 56.85 38.33
7.00 -56.34 36.42 36.62 60.55 37.65
5.00 -52.63 40.21 36.47 57.47 36.97
14.00 -48.80 34.54 35.68 60.88 36.38
22.00 -43.97 34.54 34.99 63.90 35.81
10.00 -49.13 34.54 34.46 61.21 35.22
13.00 -50.94 30.81 33.42 63.75 34.56
33.00 -43.25 28.96 32.32 72.02 34.04
28.00 -45.80 28.96 31.39 73.96 33.44
35.00 -42.22 30.81 30.84 75.79 32.94
29.00 -45.65 28.96 30.11 75.60 32.34
22.00 -51.69 27.11 29.22 75.34 31.72
27.00 -51.03 27.11 28.36 77.33 31.06
18.00 -58.67 23.44 27.17 78.39 30.36
3.00 -69.72 23.44 25.98 76.21 29.45
-9.00 -81.93 19.79 24.41 76.15 28.47
-22.00 -90.39 23.44 23.33 71.78 27.29
-61.00 -114.55 19.79 21.86 62.39 25.92
-70.00 -122.98 21.61 20.51 56.71 24.32
-86.00 -132.79 19.79 19.11 50.90 22.72
-106.00 -145.01 17.98 17.43 44.05 20.84
-106.00 -145.92 17.98 15.98 40.98 19.09
-124.00 -155.73 14.36 14.10 35.71 17.06
109.00 -32.29 16.17 13.07 93.50 16.68
87.00 -14.66 17.98 13.41 96.29 16.49
77.00 -13.49 17.98 13.85 91.46 16.32
56.00 -23.15 16.17 13.98 83.74 16.02
65.00 -23.06 10.76 13.32 87.14 15.75
60.00 -24.18 14.36 13.19 85.03 15.43
29.00 -41.19 12.56 12.81 76.84 14.94
20.00 -49.20 12.56 12.29 72.47 14.30
23.00 -48.69 12.56 11.81 71.75 13.71
14.00 -53.77 10.76 11.11 69.66 13.01
18.00 -51.07 12.56 10.75 68.64 12.40
15.00 -49.16 14.36 10.65 64.70 11.76
1.00 -54.91 12.56 10.37 58.95 11.10
-18.00 -62.91 14.36 10.25 49.52 10.29
-4.00 -57.01 10.76 9.68 51.05 9.60
-5.00 -53.75 12.56 9.43 48.55 8.90
-9.00 -52.88 12.56 9.28 44.68 8.27
-6.00 -50.07 10.76 8.88 43.61 7.62
-5.00 -48.79 8.96 8.37 43.48 7.03
-21.00 -56.11 8.96 7.88 38.39 6.30
-22.00 -58.39 7.17 7.20 37.28 5.60
-23.00 -57.46 8.96 6.77 34.86 4.86
-22.00 -56.32 7.17 6.23 34.20 4.18
-35.00 -60.45 8.96 5.94 28.14 3.39
-31.00 -56.91 8.96 5.71 25.65 2.71
-31.00 -53.73 8.96 5.51 22.68 2.01
-35.00 -55.42 5.37 4.93 21.25 1.35
-43.00 -59.17 5.37 4.35 18.01 0.58
-63.00 -70.70 3.58 3.60 12.26 -0.27
-62.00 -70.52 5.37 3.04 9.27 -1.19
-65.00 -71.43 3.58 2.37 7.22 -2.04
-56.00 -64.11 5.37 1.98 6.40 -2.88
-58.00 -61.10 5.37 1.76 3.17 -3.61
-55.00 -54.83 7.17 1.80 -0.77 -4.32
-59.00 -53.41 5.37 1.70 -4.88 -4.96
-69.00 -55.71 5.37 1.58 -11.05 -5.69
-61.00 -50.65 3.58 1.27 -11.54 -6.30
-57.00 -47.02 1.79 0.78 -11.06 -6.91
-72.00 -54.50 0.00 0.17 -14.59 -7.56
-75.00 -55.83 1.79 -0.24 -17.94 -8.29
-70.00 -51.80 1.79 -0.55 -18.98 -8.91
-57.00 -40.89 3.58 -0.56 -18.98 -9.44
-60.00 -38.80 1.79 -0.67 -21.17 -9.91
-53.00 -32.87 1.79 -0.77 -21.58 -10.33
-46.00 -28.91 -1.79 -1.23 -18.86 -10.68
-46.00 -28.12 -1.79 -1.63 -18.25 -11.05
-40.00 -24.63 -1.79 -1.94 -16.69 -11.34
-42.00 -21.90 1.79 -1.72 -19.95 -11.63
-41.00 -19.95 0.00 -1.71 -21.23 -11.87
-43.00 -19.40 0.00 -1.71 -23.21 -12.12
-48.00 -22.12 -1.79 -1.93 -24.76 -12.38
-48.00 -22.38 -1.79 -2.16 -25.38 -12.67
-52.00 -28.20 -7.17 -3.07 -22.92 -13.01
-43.00 -25.41 -5.37 -3.68 -19.29 -13.34
-56.00 -32.41 -5.37 -4.19 -21.24 -13.73
-54.00 -30.44 -1.79 -4.23 -23.48 -14.13
-55.00 -30.24 -3.58 -4.46 -24.53 -14.49
-43.00 -21.71 -1.79 -4.43 -23.74 -14.77
-48.00 -22.21 -3.58 -4.55 -25.26 -15.04
-45.00 -22.69 -7.17 -5.14 -22.83 -15.33
-40.00 -19.75 -5.37 -5.40 -21.40 -15.57
-44.00 -25.14 -10.76 -6.34 -18.27 -15.90
-86.00 -52.03 -12.56 -7.49 -25.09 -16.52
-117.00 -70.87 -5.37 -7.86 -37.80 -17.44
85.00 30.80 -8.96 -8.47 13.78 -17.07
98.00 51.33 -17.98 -9.31 35.51 -16.41
29.00 17.98 -12.56 -9.29 23.09 -16.19
13.00 6.03 -5.37 -8.61 12.83 -16.11
7.00 0.83 -7.17 -8.37 8.65 -16.10
25.00 9.90 -7.17 -8.18 11.86 -15.97
12.00 6.80 -5.37 -7.71 7.24 -15.89
38.00 21.12 -5.37 -7.29 11.88 -15.62
70.00 41.84 -5.37 -6.76 20.44 -15.12
85.00 54.43 -5.37 -6.07 25.83 -14.41
117.00 73.79 -5.37 -5.36 35.54 -13.52
94.00 63.62 -7.17 -4.79 33.58 -12.70
78.00 45.68 -14.36 -5.43 36.31 -12.15
30.00 12.45 -12.56 -5.95 28.39 -11.99
7.00 -7.75 -8.96 -6.27 21.81 -12.08
17.00 -8.18 -8.96 -6.71 24.57 -12.19
-6.00 -17.51 -3.58 -6.41 16.18 -12.40
27.00 -1.65 -5.37 -6.43 22.74 -12.42
36.00 7.01 -5.37 -6.28 25.88 -12.33
16.00 -1.25 -5.37 -6.11 20.77 -12.35
24.00 -2.41 -10.76 -6.73 25.47 -12.38
3.00 -11.90 -5.37 -6.61 19.09 -12.53
-11.00 -25.88 -12.56 -7.55 18.66 -12.84
-77.00 -59.55 -8.96 -10.66 -2.86 -19.63
-59.00 -57.08 -10.76 -11.26 -2.63 -20.37
111.00 36.62 -7.17 -10.66 38.75 -19.93
68.00 35.08 -7.17 -9.61 34.46 -19.48
67.00 36.42 -5.37 -8.52 31.12 -19.04
69.00 38.95 -5.37 -7.61 29.75 -18.54
42.00 28.26 -1.79 -6.36 19.32 -18.20
74.00 43.65 -3.58 -5.60 24.84 -17.63
-113.00 -49.88 -1.79 -4.88 -25.24 -18.23
-101.00 -63.41 -5.37 -5.54 -32.19 -19.05
-76.00 -49.27 0.00 -5.45 -30.82 -19.64
7.00 -3.00 -5.37 -5.87 -8.17 -19.68
12.00 8.40 -7.17 -6.03 -1.24 -19.58
-7.00 2.46 -3.58 -5.65 -6.50 -19.55
0.00 4.74 -5.37 -5.58 -5.59 -19.49
-5.00 3.86 -3.58 -5.28 -7.99 -19.44
-5.00 3.31 -5.37 -5.25 -8.12 -19.40
-4.00 3.62 -5.37 -5.23 -7.79 -19.36
-3.00 5.37 -3.58 -4.98 -8.62 -19.29
-1.00 6.22 -5.37 -4.97 -7.69 -19.21
-1.00 8.73 -1.79 -4.50 -9.82 -19.11
-3.00 8.32 -3.58 -4.28 -10.92 -19.00
0.00 8.80 -5.37 -4.33 -9.35 -18.89
-6.00 5.06 -5.37 -4.38 -9.93 -18.83
1.00 8.70 -3.58 -4.21 -8.92 -18.72
-10.00 2.59 -5.37 -4.28 -10.55 -18.69
-1.00 5.39 -5.37 -4.39 -7.85 -18.62
1.00 7.78 -3.58 -4.22 -7.50 -18.52
-3.00 5.09 -5.37 -4.29 -7.41 -18.46
-1.00 4.90 -5.37 -4.38 -6.18 -18.40
3.00 6.34 -5.37 -4.45 -4.24 -18.32
-6.00 -0.07 -7.17 -4.76 -4.24 -18.32
-5.00 -0.91 -5.37 -4.84 -3.95 -18.33
-11.00 -4.54 -5.37 -4.93 -5.18 -18.39
-2.00 0.59 -3.58 -4.79 -4.20 -18.38
3.00 3.61 -5.37 -4.85 -1.99 -18.34
-6.00 -0.83 -5.37 -4.89 -3.58 -18.35
2.00 0.81 -7.17 -5.20 -0.15 -18.34
-1.00 -0.21 -5.37 -5.21 -0.45 -18.34
-3.00 1.18 -1.79 -4.76 -3.69 -18.32
2.00 3.08 -5.37 -4.82 -2.02 -18.29
-2.00 1.02 -5.37 -4.87 -2.38 -18.27
-4.00 -2.13 -7.17 -5.17 -1.33 -18.30
9.00 4.29 -5.37 -5.20 2.11 -18.24
-1.00 1.58 -3.58 -4.95 -1.04 -18.22
-2.00 1.27 -3.58 -4.75 -2.74 -18.21
-2.00 -0.85 -7.17 -5.06 -1.04 -18.22
0.00 -0.08 -5.37 -5.11 -0.31 -18.22
4.00 3.39 -3.58 -4.90 -0.30 -18.18
2.00 5.16 -1.79 -4.45 -2.93 -18.11
2.00 5.65 -3.58 -4.28 -3.60 -18.04
1.00 5.57 -3.58 -4.12 -4.35 -17.97
2.00 6.34 -3.58 -3.99 -4.51 -17.90
-8.00 0.06 -5.37 -4.12 -6.00 -17.89
-3.00 -2.07 -8.96 -4.76 -1.56 -17.92
-8.00 -4.82 -5.37 -4.87 -2.27 -17.98
0.00 -1.43 -5.37 -4.98 -0.05 -18.00
-3.00 -3.88 -7.17 -5.29 1.19 -18.05
3.00 -0.92 -5.37 -5.33 2.73 -18.06
-10.00 -7.15 -5.37 -5.37 -0.38 -18.15
-5.00 -4.40 -3.58 -5.20 -1.13 -18.21
-9.00 -6.31 -5.37 -5.28 -1.96 -18.29
-6.00 -3.77 -3.58 -5.11 -2.70 -18.33
6.00 2.63 -5.37 -5.17 0.77 -18.30
2.00 3.08 -3.58 -4.94 -0.78 -18.26
6.00 6.03 -3.58 -4.71 -0.80 -18.18
-3.00 2.51 -3.58 -4.51 -3.79 -18.15
-8.00 -1.71 -5.37 -4.61 -4.89 -18.18
6.00 2.99 -7.17 -4.95 0.37 -18.14
-4.00 -1.23 -5.37 -4.98 -1.23 -18.16
-2.00 0.08 -3.58 -4.81 -2.18 -18.16
6.00 3.91 -5.37 -4.87 0.40 -18.10
6.00 5.74 -3.58 -4.66 -0.09 -18.04
-1.00 1.64 -5.37 -4.70 -1.26 -18.01
-13.00 -4.57 -3.58 -4.55 -5.64 -18.07
-2.00 -0.83 -5.37 -4.70 -2.88 -18.08
-5.00 -2.01 -5.37 -4.80 -2.72 -18.10
-1.00 2.27 -1.79 -4.42 -4.04 -18.07
1.00 1.62 -7.17 -4.75 -1.20 -18.06
6.00 4.06 -5.37 -4.81 0.77 -18.00
7.00 4.74 -5.37 -4.84 1.81 -17.95
-6.00 -2.31 -5.37 -4.88 -1.07 -17.98
-3.00 -1.11 -3.58 -4.73 -1.97 -17.99
-9.00 -4.70 -5.37 -4.84 -3.06 -18.05
-2.00 -0.68 -3.58 -4.71 -2.52 -18.06
-3.00 0.29 -3.58 -4.57 -3.34 -18.05
-7.00 -2.40 -5.37 -4.68 -3.77 -18.08
-10.00 -0.82 0.00 -4.08 -8.37 -18.09
-4.00 0.94 -5.37 -4.26 -6.02 -18.08
-9.00 -1.98 -5.37 -4.40 -6.20 -18.11
-4.00 0.86 -3.58 -4.31 -5.73 -18.10
-8.00 1.12 -1.79 -3.97 -8.47 -18.08
-9.00 -0.83 -5.37 -4.14 -7.83 -18.09
2.00 5.21 -3.58 -4.06 -5.44 -18.03
-5.00 3.02 -3.58 -3.95 -7.02 -17.99
-11.00 -1.78 -5.37 -4.12 -7.76 -18.01
-6.00 -0.85 -5.37 -4.30 -5.89 -18.02
-2.00 -0.54 -7.17 -4.68 -2.45 -18.03
1.00 2.40 -3.58 -4.54 -2.23 -18.00
6.00 4.81 -5.37 -4.61 -0.03 -17.94
-1.00 1.15 -5.37 -4.67 -0.94 -17.92
2.00 2.91 -3.58 -4.51 -1.28 -17.89
-6.00 -1.78 -5.37 -4.61 -2.63 -17.91
-4.00 -2.13 -5.37 -4.73 -1.95 -17.94
2.00 1.96 -3.58 -4.59 -1.23 -17.91
-1.00 -0.94 -7.17 -4.91 0.30 -17.92
-6.00 -4.10 -5.37 -4.99 -0.78 -17.97
-5.00 -3.04 -3.58 -4.85 -1.93 -18.01
-2.00 -1.85 -5.37 -4.95 -0.77 -18.04
-4.00 -4.25 -7.17 -5.27 0.53 -18.09
-8.00 -5.18 -3.58 -5.09 -1.92 -18.15
-3.00 -3.19 -5.37 -5.18 -0.67 -18.19
-11.00 -7.06 -5.37 -5.25 -2.45 -18.28
-1.00 -2.61 -5.37 -5.33 -0.17 -18.31
1.00 -0.63 -5.37 -5.36 0.84 -18.32
1.00 2.52 -1.79 -4.89 -1.68 -18.29
-3.00 0.11 -5.37 -4.93 -2.31 -18.29
-1.00 0.40 -5.37 -4.99 -1.65 -18.28
5.00 4.75 -3.58 -4.79 -1.06 -18.22
1.00 5.58 -1.79 -4.34 -4.01 -18.15
-1.00 3.39 -5.37 -4.42 -3.86 -18.11
-4.00 0.77 -5.37 -4.52 -4.04 -18.10
6.00 4.99 -5.37 -4.61 -0.92 -18.04
-3.00 2.01 -3.58 -4.43 -3.53 -18.02
-6.00 -1.09 -5.37 -4.54 -3.98 -18.03
-12.00 -3.99 -3.58 -4.43 -6.56 -18.08
-2.00 1.19 -3.58 -4.35 -4.97 -18.07
7.00 7.43 -3.58 -4.22 -2.68 -17.97
9.00 10.08 -3.58 -4.05 -1.97 -17.85
2.00 7.12 -3.58 -3.88 -3.85 -17.76
4.00 4.95 -7.17 -4.24 -1.10 -17.70
-7.00 -1.67 -5.37 -4.36 -3.07 -17.72
4.00 2.17 -5.37 -4.50 0.01 -17.69
2.00 2.75 -3.58 -4.35 -0.72 -17.66
-3.00 0.66 -3.58 -4.23 -2.61 -17.65
1.00 2.70 -3.58 -4.13 -2.31 -17.61
